iter,method,num_pps,selection,gof,mu_1,mu_2,mu_3,sigma_1,sigma_2,sigma_3,sigma_4,sigma_5,sigma_6,sigma_7,sigma_8,sigma_9,betaS,ProbInclude,p_lower_ 1,p_lower_ 2,p_lower_ 3,p_lower_ 4,p_lower_ 5,p_lower_ 6,p_lower_ 7,p_lower_ 8,p_lower_ 9,p_lower_10,p_lower_11,p_lower_12,p_lower_13,p_lower_14,p_lower_15,p_lower_16,p_lower_17,p_lower_18,p_lower_19,p_lower_20,p_lower_21,p_lower_22,p_upper_ 1,p_upper_ 2,p_upper_ 3,p_upper_ 4,p_upper_ 5,p_upper_ 6,p_upper_ 7,p_upper_ 8,p_upper_ 9,p_upper_10,p_upper_11,p_upper_12,p_upper_13,p_upper_14,p_upper_15,p_upper_16,p_upper_17,p_upper_18,p_upper_19,p_upper_20,p_upper_21,p_upper_22,Pfinal_ 1,Pfinal_ 2,Pfinal_ 3,Pfinal_ 4,Pfinal_ 5,Pfinal_ 6,Pfinal_ 7,Pfinal_ 8,Pfinal_ 9,Pfinal_10,Pfinal_11,Pfinal_12,Pfinal_13,Pfinal_14,Pfinal_15,Pfinal_16,Pfinal_17,Pfinal_18,Pfinal_19,Pfinal_20,Pfinal_21,Pfinal_22,VPChar_1,VPChar_2,VPChar_3,time_per_pp,time_per_vp
6,SA,100,0,0.489415883570371,3.94418598402665,4.64235150199378,5.19760658095589,0.0674056902674009,0.00657727631074845,0.0159582170284738,0.00657727631074845,0.113343416142512,0.0685203081287785,0.0159582170284738,0.0685203081287785,0.0495362723034005,1.00000224237441,1.18762599813669e-11,0.0362,0,0.0692,0.01,0.203136,0.0997904,0.023302,0.0063786,0,0.235996,3.8,0.00673868,0.37515,0.0888888888888889,0,0.00628146,1.382,0,0.0661112,0.477386,0.345761666483293,0,1.44,12.1,0.4995,2.19,5.0784,2.49476,0.58255,0.159465,21.0035842293907,5.8999,95,0.168467,9.37875,0.41875,2.91300251256281,0.1570365,34.55,0.154861111111111,1.65278,11.93465,0.663542620071984,1,0.48478716156037,4.18604911627488,0.326538387367631,0.46436519676444,2.17482917713593,2.31049422849277,0.219748270449087,0.0963709525566817,4.42810315868697,1.63741605261191,56.8235624741022,0.0344010217669366,4.50542620510146,0.41871311369638,1.65540343322243,0.103959696756637,11.1047015856627,0.0224750785181806,1.32631493550266,1.94845454138375,0.345896952525469,0.341418032197669,61.2573974933034,56.7812951046299,227.567579586308,0.843299999999999,7.02749999999999
6,SA,100,0,0.489415883570371,3.94418598402665,4.64235150199378,5.19760658095589,0.0674056902674009,0.00657727631074845,0.0159582170284738,0.00657727631074845,0.113343416142512,0.0685203081287785,0.0159582170284738,0.0685203081287785,0.0495362723034005,1.00000224237441,5.56658918134835e-93,0.0362,0,0.0692,0.01,0.203136,0.0997904,0.023302,0.0063786,0,0.235996,3.8,0.00673868,0.37515,0.0888888888888889,0,0.00628146,1.382,0,0.0661112,0.477386,0.345761666483293,0,1.44,12.1,0.4995,2.19,5.0784,2.49476,0.58255,0.159465,21.0035842293907,5.8999,95,0.168467,9.37875,0.41875,2.91300251256281,0.1570365,34.55,0.154861111111111,1.65278,11.93465,0.663542620071984,1,0.93869233845076,1.9451561513586,0.46608184538295,0.935178808976821,0.897341401763725,0.953992270512484,0.106664792765451,0.0126866443497291,5.83348141152382,0.283055852617863,90.4496409101703,0.116270374886612,0.52829008626574,0.178101019820287,1.85180414469424,0.0817908156292004,5.19445626458132,0.0384811221238152,0.464223578474312,9.82900799727047,0.429924652698646,0.068035881983596,40.5867388189502,13.4584447273424,238.40066192775,0.843299999999999,7.02749999999999
6,SA,100,0,0.489415883570371,3.94418598402665,4.64235150199378,5.19760658095589,0.0674056902674009,0.00657727631074845,0.0159582170284738,0.00657727631074845,0.113343416142512,0.0685203081287785,0.0159582170284738,0.0685203081287785,0.0495362723034005,1.00000224237441,0.000339319820234439,0.0362,0,0.0692,0.01,0.203136,0.0997904,0.023302,0.0063786,0,0.235996,3.8,0.00673868,0.37515,0.0888888888888889,0,0.00628146,1.382,0,0.0661112,0.477386,0.345761666483293,0,1.44,12.1,0.4995,2.19,5.0784,2.49476,0.58255,0.159465,21.0035842293907,5.8999,95,0.168467,9.37875,0.41875,2.91300251256281,0.1570365,34.55,0.154861111111111,1.65278,11.93465,0.663542620071984,1,0.0920073682915502,4.74818669623138,0.490428287759819,0.24696340081818,1.92932341421112,0.96294718985016,0.28611519962889,0.119035232392409,16.9597833691532,5.31230943006442,45.8735976260547,0.0847180237571135,1.06640027032066,0.406194478879973,0.250974114018893,0.0466840380002358,32.0799596022619,0.127123691974481,0.549531990073254,6.87409110636738,0.629971554881636,0.551185725375971,88.2715862020742,92.0851916362588,255.339032612168,0.843299999999999,7.02749999999999
6,SA,100,0,0.489415883570371,3.94418598402665,4.64235150199378,5.19760658095589,0.0674056902674009,0.00657727631074845,0.0159582170284738,0.00657727631074845,0.113343416142512,0.0685203081287785,0.0159582170284738,0.0685203081287785,0.0495362723034005,1.00000224237441,0.0393684144115028,0.0362,0,0.0692,0.01,0.203136,0.0997904,0.023302,0.0063786,0,0.235996,3.8,0.00673868,0.37515,0.0888888888888889,0,0.00628146,1.382,0,0.0661112,0.477386,0.345761666483293,0,1.44,12.1,0.4995,2.19,5.0784,2.49476,0.58255,0.159465,21.0035842293907,5.8999,95,0.168467,9.37875,0.41875,2.91300251256281,0.1570365,34.55,0.154861111111111,1.65278,11.93465,0.663542620071984,1,0.31529057001994,4.37304885611812,0.0797084503720793,0.06018816862593,3.7864241570635,2.07964349833616,0.09436363335721,0.0462839656557104,18.411820324086,5.44401361965239,39.2406623915927,0.101866493257217,3.62786093990543,0.097892420434036,0.182741494077711,0.012290529786766,9.18344089446165,0.0961889554059777,0.952136098387498,2.82444594116818,0.524237300844403,0.80649529190916,26.4631007613417,48.7672760349783,86.9312479708994,0.843299999999999,7.02749999999999
6,SA,100,0,0.489415883570371,3.94418598402665,4.64235150199378,5.19760658095589,0.0674056902674009,0.00657727631074845,0.0159582170284738,0.00657727631074845,0.113343416142512,0.0685203081287785,0.0159582170284738,0.0685203081287785,0.0495362723034005,1.00000224237441,4.82157902337875e-60,0.0362,0,0.0692,0.01,0.203136,0.0997904,0.023302,0.0063786,0,0.235996,3.8,0.00673868,0.37515,0.0888888888888889,0,0.00628146,1.382,0,0.0661112,0.477386,0.345761666483293,0,1.44,12.1,0.4995,2.19,5.0784,2.49476,0.58255,0.159465,21.0035842293907,5.8999,95,0.168467,9.37875,0.41875,2.91300251256281,0.1570365,34.55,0.154861111111111,1.65278,11.93465,0.663542620071984,1,0.190705329036168,3.4803115527379,0.350039268662064,0.906451259237169,0.468477613424408,0.468375215866107,0.0653383031972266,0.0203270267738707,12.5147565434499,3.9337418317854,9.43411288798056,0.0255008639405674,3.05831457628104,0.376253801835613,2.61975057212502,0.124450750955079,12.3767508522634,0.0119320940786271,0.310039184058779,5.20140774227953,0.370813638140034,0.134658564183628,35.9030690727727,45.7136470275833,375.381269399085,0.843299999999999,7.02749999999999
6,SA,100,0,0.489415883570371,3.94418598402665,4.64235150199378,5.19760658095589,0.0674056902674009,0.00657727631074845,0.0159582170284738,0.00657727631074845,0.113343416142512,0.0685203081287785,0.0159582170284738,0.0685203081287785,0.0495362723034005,1.00000224237441,1.62688349998986e-22,0.0362,0,0.0692,0.01,0.203136,0.0997904,0.023302,0.0063786,0,0.235996,3.8,0.00673868,0.37515,0.0888888888888889,0,0.00628146,1.382,0,0.0661112,0.477386,0.345761666483293,0,1.44,12.1,0.4995,2.19,5.0784,2.49476,0.58255,0.159465,21.0035842293907,5.8999,95,0.168467,9.37875,0.41875,2.91300251256281,0.1570365,34.55,0.154861111111111,1.65278,11.93465,0.663542620071984,1,0.844834322713915,2.70509384650272,0.375527226501064,1.53826479877784,2.63468738901111,2.18086862033884,0.394471364904057,0.032558228100179,14.4068896969453,1.31857211044709,35.4552205480015,0.035688008357136,4.11090275237003,0.414735288671348,0.717946677048861,0.0359467215532415,8.87324038939473,0.0117730266286639,1.02036206775784,2.65336296972746,0.502510616342458,0.230504702049438,51.6069930382143,30.8359952246695,185.382985243596,0.843299999999999,7.02749999999999
6,SA,100,0,0.489415883570371,3.94418598402665,4.64235150199378,5.19760658095589,0.0674056902674009,0.00657727631074845,0.0159582170284738,0.00657727631074845,0.113343416142512,0.0685203081287785,0.0159582170284738,0.0685203081287785,0.0495362723034005,1.00000224237441,5.51110923307639e-06,0.0362,0,0.0692,0.01,0.203136,0.0997904,0.023302,0.0063786,0,0.235996,3.8,0.00673868,0.37515,0.0888888888888889,0,0.00628146,1.382,0,0.0661112,0.477386,0.345761666483293,0,1.44,12.1,0.4995,2.19,5.0784,2.49476,0.58255,0.159465,21.0035842293907,5.8999,95,0.168467,9.37875,0.41875,2.91300251256281,0.1570365,34.55,0.154861111111111,1.65278,11.93465,0.663542620071984,1,0.521843388662282,1.14170917226752,0.0985804947957903,2.09001900257589,0.606859894647183,0.562409600769155,0.132532238325577,0.0656300424680743,7.01568083193386,1.7617359779089,49.5430925594392,0.0888884808681735,2.67130895782424,0.409441332214743,1.49477527936454,0.0751853209101747,2.60263711419812,0.0637013537765982,0.351221843951935,8.45204848597522,0.408293118721774,0.697364762426722,15.5698231343175,162.469022497167,248.545492756338,0.843299999999999,7.02749999999999
6,SA,100,0,0.489415883570371,3.94418598402665,4.64235150199378,5.19760658095589,0.0674056902674009,0.00657727631074845,0.0159582170284738,0.00657727631074845,0.113343416142512,0.0685203081287785,0.0159582170284738,0.0685203081287785,0.0495362723034005,1.00000224237441,0.21617464317489,0.0362,0,0.0692,0.01,0.203136,0.0997904,0.023302,0.0063786,0,0.235996,3.8,0.00673868,0.37515,0.0888888888888889,0,0.00628146,1.382,0,0.0661112,0.477386,0.345761666483293,0,1.44,12.1,0.4995,2.19,5.0784,2.49476,0.58255,0.159465,21.0035842293907,5.8999,95,0.168467,9.37875,0.41875,2.91300251256281,0.1570365,34.55,0.154861111111111,1.65278,11.93465,0.663542620071984,1,0.509286850809017,4.70977358613287,0.116719563499348,1.65492497182936,4.68083239254597,1.2536007747886,0.404305308566486,0.027326925582652,2.70515124527957,1.80489532217731,7.1297432546914,0.142486891881453,0.384495323184828,0.210587863457082,1.27348122966194,0.079340507219288,6.98433042909687,0.025152525093105,1.04087461201857,3.36859361449442,0.554342753165668,0.792957085131483,73.8519722507985,44.6184014110032,130.120340675308,0.843299999999999,7.02749999999999
6,SA,100,1,0.489415883570371,3.94418598402665,4.64235150199378,5.19760658095589,0.0674056902674009,0.00657727631074845,0.0159582170284738,0.00657727631074845,0.113343416142512,0.0685203081287785,0.0159582170284738,0.0685203081287785,0.0495362723034005,1.00000224237441,0.513907124695979,0.0362,0,0.0692,0.01,0.203136,0.0997904,0.023302,0.0063786,0,0.235996,3.8,0.00673868,0.37515,0.0888888888888889,0,0.00628146,1.382,0,0.0661112,0.477386,0.345761666483293,0,1.44,12.1,0.4995,2.19,5.0784,2.49476,0.58255,0.159465,21.0035842293907,5.8999,95,0.168467,9.37875,0.41875,2.91300251256281,0.1570365,34.55,0.154861111111111,1.65278,11.93465,0.663542620071984,1,0.506940288285027,3.22874803857828,0.0885127588568335,1.08594375609587,2.81065906298861,2.0781468785207,0.341554275677496,0.0896451933627826,8.8116626187329,5.1990602103828,89.3080763645229,0.165771959361377,3.35248449237734,0.221888358418102,0.748341852403083,0.0185048741086114,24.2789349191484,0.0308024378236794,1.16253466737995,11.1104155975091,0.525284795412211,0.641272263888555,68.7502710846554,80.2115007407824,193.832089303948,0.843299999999999,7.02749999999999
6,SA,100,1,0.489415883570371,3.94418598402665,4.64235150199378,5.19760658095589,0.0674056902674009,0.00657727631074845,0.0159582170284738,0.00657727631074845,0.113343416142512,0.0685203081287785,0.0159582170284738,0.0685203081287785,0.0495362723034005,1.00000224237441,23.4315169979688,0.0362,0,0.0692,0.01,0.203136,0.0997904,0.023302,0.0063786,0,0.235996,3.8,0.00673868,0.37515,0.0888888888888889,0,0.00628146,1.382,0,0.0661112,0.477386,0.345761666483293,0,1.44,12.1,0.4995,2.19,5.0784,2.49476,0.58255,0.159465,21.0035842293907,5.8999,95,0.168467,9.37875,0.41875,2.91300251256281,0.1570365,34.55,0.154861111111111,1.65278,11.93465,0.663542620071984,1,0.507880268804579,4.28402295517223,0.129904645838558,1.50680649199177,3.43167569225901,1.86000137390763,0.0986753828685848,0.0713998192282564,15.7627449129567,2.07387895413463,72.7110119229967,0.148526131281476,9.37873925106668,0.344156556056368,2.38512660234086,0.0988416720064316,14.5361520646308,0.117689958008572,1.62960404085232,8.6651566508751,0.524894997658054,0.733493428752814,46.6192628204165,90.7497743798712,170.341945018369,0.843299999999999,7.02749999999999
6,SA,100,0,0.489415883570371,3.94418598402665,4.64235150199378,5.19760658095589,0.0674056902674009,0.00657727631074845,0.0159582170284738,0.00657727631074845,0.113343416142512,0.0685203081287785,0.0159582170284738,0.0685203081287785,0.0495362723034005,1.00000224237441,5.58106409678669e-05,0.0362,0,0.0692,0.01,0.203136,0.0997904,0.023302,0.0063786,0,0.235996,3.8,0.00673868,0.37515,0.0888888888888889,0,0.00628146,1.382,0,0.0661112,0.477386,0.345761666483293,0,1.44,12.1,0.4995,2.19,5.0784,2.49476,0.58255,0.159465,21.0035842293907,5.8999,95,0.168467,9.37875,0.41875,2.91300251256281,0.1570365,34.55,0.154861111111111,1.65278,11.93465,0.663542620071984,1,0.763837414635812,8.72756413073452,0.324614435876334,1.52643856635539,1.62988916470282,0.803720385170907,0.573967366220279,0.0777019923941058,21.0034440088108,1.64755420304977,90.4348812157445,0.138263806092955,7.5309117255526,0.387622569851408,1.66551239643987,0.096425873240061,19.4188681515317,0.00770703989096814,0.749441656462307,10.2385126907017,0.650725192555394,0.478118143131623,68.0643939700142,84.2415939244894,244.258489790591,0.843299999999999,7.02749999999999
6,SA,100,1,0.489415883570371,3.94418598402665,4.64235150199378,5.19760658095589,0.0674056902674009,0.00657727631074845,0.0159582170284738,0.00657727631074845,0.113343416142512,0.0685203081287785,0.0159582170284738,0.0685203081287785,0.0495362723034005,1.00000224237441,13.795110010428,0.0362,0,0.0692,0.01,0.203136,0.0997904,0.023302,0.0063786,0,0.235996,3.8,0.00673868,0.37515,0.0888888888888889,0,0.00628146,1.382,0,0.0661112,0.477386,0.345761666483293,0,1.44,12.1,0.4995,2.19,5.0784,2.49476,0.58255,0.159465,21.0035842293907,5.8999,95,0.168467,9.37875,0.41875,2.91300251256281,0.1570365,34.55,0.154861111111111,1.65278,11.93465,0.663542620071984,1,0.129451313865967,6.18029916760981,0.334667551831881,1.95093303177871,1.71531487715632,0.608164759068982,0.295580810783702,0.0407382068885421,16.0499211417342,2.14263290695825,71.2493496516208,0.0414565255682029,2.82276233627657,0.365881596641421,2.07122118114394,0.0635927512918851,7.72862186125365,0.0736515889030371,0.445123739379829,2.58705562417084,0.517536937753911,0.926340348171846,49.2092775657408,92.7769152225909,149.363519368647,0.843299999999999,7.02749999999999
6,SA,100,0,0.489415883570371,3.94418598402665,4.64235150199378,5.19760658095589,0.0674056902674009,0.00657727631074845,0.0159582170284738,0.00657727631074845,0.113343416142512,0.0685203081287785,0.0159582170284738,0.0685203081287785,0.0495362723034005,1.00000224237441,8.66698897439119e-69,0.0362,0,0.0692,0.01,0.203136,0.0997904,0.023302,0.0063786,0,0.235996,3.8,0.00673868,0.37515,0.0888888888888889,0,0.00628146,1.382,0,0.0661112,0.477386,0.345761666483293,0,1.44,12.1,0.4995,2.19,5.0784,2.49476,0.58255,0.159465,21.0035842293907,5.8999,95,0.168467,9.37875,0.41875,2.91300251256281,0.1570365,34.55,0.154861111111111,1.65278,11.93465,0.663542620071984,1,1.26746487951713,9.86006884912343,0.40177961913043,0.545057995058133,0.969717473802896,1.84987248863438,0.100991680496578,0.0664632721815882,12.4015355874234,0.340205667214629,28.2255816026857,0.155930992792155,3.05966850697456,0.179121535348665,2.90560421146139,0.110533925084073,11.1529978204051,0.0979331238476217,1.21378932708108,1.15945606864593,0.637439140147369,0.116053412781703,40.6123674049011,40.5543620503451,390.058032795442,0.843299999999999,7.02749999999999
6,SA,100,0,0.489415883570371,3.94418598402665,4.64235150199378,5.19760658095589,0.0674056902674009,0.00657727631074845,0.0159582170284738,0.00657727631074845,0.113343416142512,0.0685203081287785,0.0159582170284738,0.0685203081287785,0.0495362723034005,1.00000224237441,0.268356954582627,0.0362,0,0.0692,0.01,0.203136,0.0997904,0.023302,0.0063786,0,0.235996,3.8,0.00673868,0.37515,0.0888888888888889,0,0.00628146,1.382,0,0.0661112,0.477386,0.345761666483293,0,1.44,12.1,0.4995,2.19,5.0784,2.49476,0.58255,0.159465,21.0035842293907,5.8999,95,0.168467,9.37875,0.41875,2.91300251256281,0.1570365,34.55,0.154861111111111,1.65278,11.93465,0.663542620071984,1,0.565465830785507,4.13074506853637,0.161111627691836,1.58780721948101,2.82288618932563,1.25155773140362,0.334474647737581,0.137883136508622,20.1894040175455,5.80058300825792,85.3479067581825,0.102802488364075,1.94598477279024,0.381112191263572,1.35966582286725,0.0286574960180524,31.5954192457284,0.0482495118431945,1.10736489179042,1.65332745942596,0.475434344527809,0.778475313053753,85.4780467519798,81.2644878601355,189.867340153406,0.843299999999999,7.02749999999999
6,SA,100,0,0.489415883570371,3.94418598402665,4.64235150199378,5.19760658095589,0.0674056902674009,0.00657727631074845,0.0159582170284738,0.00657727631074845,0.113343416142512,0.0685203081287785,0.0159582170284738,0.0685203081287785,0.0495362723034005,1.00000224237441,4.04759915349904e-79,0.0362,0,0.0692,0.01,0.203136,0.0997904,0.023302,0.0063786,0,0.235996,3.8,0.00673868,0.37515,0.0888888888888889,0,0.00628146,1.382,0,0.0661112,0.477386,0.345761666483293,0,1.44,12.1,0.4995,2.19,5.0784,2.49476,0.58255,0.159465,21.0035842293907,5.8999,95,0.168467,9.37875,0.41875,2.91300251256281,0.1570365,34.55,0.154861111111111,1.65278,11.93465,0.663542620071984,1,0.434014301838114,11.9608027981501,0.0853427028305098,0.490037724469227,0.550735852038286,1.29453612499344,0.462272682210438,0.135385971209233,7.33597068153013,3.79841920744951,66.5852377235318,0.106738945127316,6.51517510090184,0.252182763568815,1.90347210451266,0.147280781488029,19.3683821443996,0.119951596752363,1.02009611312662,10.8148464730505,0.468499229818656,0.0967484474243429,67.2478433847124,34.9816377464136,428.820960863101,0.843299999999999,7.02749999999999
6,SA,100,0,0.489415883570371,3.94418598402665,4.64235150199378,5.19760658095589,0.0674056902674009,0.00657727631074845,0.0159582170284738,0.00657727631074845,0.113343416142512,0.0685203081287785,0.0159582170284738,0.0685203081287785,0.0495362723034005,1.00000224237441,1.1710261206149e-75,0.0362,0,0.0692,0.01,0.203136,0.0997904,0.023302,0.0063786,0,0.235996,3.8,0.00673868,0.37515,0.0888888888888889,0,0.00628146,1.382,0,0.0661112,0.477386,0.345761666483293,0,1.44,12.1,0.4995,2.19,5.0784,2.49476,0.58255,0.159465,21.0035842293907,5.8999,95,0.168467,9.37875,0.41875,2.91300251256281,0.1570365,34.55,0.154861111111111,1.65278,11.93465,0.663542620071984,1,0.258531925591741,5.8975869942235,0.0746138893819176,1.45237942898944,0.518580578271506,1.54829707698017,0.042166705427142,0.015889531049102,4.32265182292326,5.40917515071361,68.8766257255485,0.0909008674704851,0.707803605936415,0.100602526318049,2.05296700447339,0.0475342712326792,2.09599729042167,0.0671492852533704,0.892301414969805,4.18874020872398,0.408778205473994,0.139282106187736,12.8054012982286,48.7999360771473,363.17299274871,0.843299999999999,7.02749999999999
6,SA,100,0,0.489415883570371,3.94418598402665,4.64235150199378,5.19760658095589,0.0674056902674009,0.00657727631074845,0.0159582170284738,0.00657727631074845,0.113343416142512,0.0685203081287785,0.0159582170284738,0.0685203081287785,0.0495362723034005,1.00000224237441,1.4530946136816e-15,0.0362,0,0.0692,0.01,0.203136,0.0997904,0.023302,0.0063786,0,0.235996,3.8,0.00673868,0.37515,0.0888888888888889,0,0.00628146,1.382,0,0.0661112,0.477386,0.345761666483293,0,1.44,12.1,0.4995,2.19,5.0784,2.49476,0.58255,0.159465,21.0035842293907,5.8999,95,0.168467,9.37875,0.41875,2.91300251256281,0.1570365,34.55,0.154861111111111,1.65278,11.93465,0.663542620071984,1,1.17712328501821,1.07187496168349,0.498145478502877,1.0532368144458,1.30344120175117,1.92684589817078,0.0521484341179155,0.0286258802367647,17.7393939339745,4.16980303892819,23.8329199668563,0.00943907315981935,5.29879828616507,0.298795215910826,0.484760794641222,0.0835877009989195,34.4295777607349,0.153802084289148,0.810090654570518,3.81638863519014,0.642287902430998,0.366227384368471,60.1329572474893,131.727086255339,419.819566927132,0.843299999999999,7.02749999999999
6,SA,100,0,0.489415883570371,3.94418598402665,4.64235150199378,5.19760658095589,0.0674056902674009,0.00657727631074845,0.0159582170284738,0.00657727631074845,0.113343416142512,0.0685203081287785,0.0159582170284738,0.0685203081287785,0.0495362723034005,1.00000224237441,2.98920239074038e-14,0.0362,0,0.0692,0.01,0.203136,0.0997904,0.023302,0.0063786,0,0.235996,3.8,0.00673868,0.37515,0.0888888888888889,0,0.00628146,1.382,0,0.0661112,0.477386,0.345761666483293,0,1.44,12.1,0.4995,2.19,5.0784,2.49476,0.58255,0.159465,21.0035842293907,5.8999,95,0.168467,9.37875,0.41875,2.91300251256281,0.1570365,34.55,0.154861111111111,1.65278,11.93465,0.663542620071984,1,0.614168170485636,10.3199853951076,0.257024656188737,0.309675359304968,4.05507166594984,0.464700629114792,0.023589811402394,0.0177620701590296,5.57456611161656,5.47493167430833,24.2283261127758,0.0984497905926867,2.86882118677729,0.171416333485735,2.17783963358597,0.00945208749442316,21.8451086776297,0.139826576625941,0.409737570360277,5.00097007039737,0.42540760666916,0.586693399018084,75.5295884555173,16.4273355675225,103.529452771387,0.843299999999999,7.02749999999999
6,SA,100,0,0.489415883570371,3.94418598402665,4.64235150199378,5.19760658095589,0.0674056902674009,0.00657727631074845,0.0159582170284738,0.00657727631074845,0.113343416142512,0.0685203081287785,0.0159582170284738,0.0685203081287785,0.0495362723034005,1.00000224237441,0.119304347099977,0.0362,0,0.0692,0.01,0.203136,0.0997904,0.023302,0.0063786,0,0.235996,3.8,0.00673868,0.37515,0.0888888888888889,0,0.00628146,1.382,0,0.0661112,0.477386,0.345761666483293,0,1.44,12.1,0.4995,2.19,5.0784,2.49476,0.58255,0.159465,21.0035842293907,5.8999,95,0.168467,9.37875,0.41875,2.91300251256281,0.1570365,34.55,0.154861111111111,1.65278,11.93465,0.663542620071984,1,0.503669424415922,5.95892494994761,0.239781487164704,0.512641041487572,1.6731046626134,0.803886770440112,0.0279456068352605,0.0148293118247329,13.8933086359466,3.04518689464371,90.2459138250526,0.0938141851424266,1.25664840521512,0.359900392982195,2.70103626005255,0.0640817876672954,15.9691826012954,0.0260654711420269,0.493629596508136,10.7189975896647,0.453175032032818,0.58015209304779,59.0668065632137,92.198512818115,217.988085867329,0.843299999999999,7.02749999999999
6,SA,100,0,0.489415883570371,3.94418598402665,4.64235150199378,5.19760658095589,0.0674056902674009,0.00657727631074845,0.0159582170284738,0.00657727631074845,0.113343416142512,0.0685203081287785,0.0159582170284738,0.0685203081287785,0.0495362723034005,1.00000224237441,2.42622137530198e-66,0.0362,0,0.0692,0.01,0.203136,0.0997904,0.023302,0.0063786,0,0.235996,3.8,0.00673868,0.37515,0.0888888888888889,0,0.00628146,1.382,0,0.0661112,0.477386,0.345761666483293,0,1.44,12.1,0.4995,2.19,5.0784,2.49476,0.58255,0.159465,21.0035842293907,5.8999,95,0.168467,9.37875,0.41875,2.91300251256281,0.1570365,34.55,0.154861111111111,1.65278,11.93465,0.663542620071984,1,0.953391947861435,4.60688636392522,0.152220018595777,1.09064440570434,2.01677203285028,1.94333440638444,0.577238126719372,0.0976252394100525,2.19346356931559,0.39599073006139,26.6771068022832,0.0743455932932838,6.27201560868468,0.369069827164389,0.573492476363237,0.154852513412767,16.7768964325896,0.129157337105908,0.982491194079304,8.66949128057263,0.346570635563954,0.109583211985217,87.652963052713,14.9273344024359,223.872135059184,0.843299999999999,7.02749999999999
6,SA,100,0,0.489415883570371,3.94418598402665,4.64235150199378,5.19760658095589,0.0674056902674009,0.00657727631074845,0.0159582170284738,0.00657727631074845,0.113343416142512,0.0685203081287785,0.0159582170284738,0.0685203081287785,0.0495362723034005,1.00000224237441,3.62495695936567e-06,0.0362,0,0.0692,0.01,0.203136,0.0997904,0.023302,0.0063786,0,0.235996,3.8,0.00673868,0.37515,0.0888888888888889,0,0.00628146,1.382,0,0.0661112,0.477386,0.345761666483293,0,1.44,12.1,0.4995,2.19,5.0784,2.49476,0.58255,0.159465,21.0035842293907,5.8999,95,0.168467,9.37875,0.41875,2.91300251256281,0.1570365,34.55,0.154861111111111,1.65278,11.93465,0.663542620071984,1,0.347785553494683,3.25563144166134,0.149333410646588,0.529022342042439,1.39754954165054,2.37798741596924,0.0433402147928333,0.0353124078821837,16.1999235227503,3.08292428158969,4.48143427124953,0.12607398870093,1.67559852871563,0.154403395630766,2.89846985243297,0.105800220209412,16.194501601172,0.0236223812857733,1.37412232237353,9.01141565192127,0.465438145290214,0.513628763865693,45.8875856092996,148.408940926792,334.829621896035,0.843299999999999,7.02749999999999
6,SA,100,0,0.489415883570371,3.94418598402665,4.64235150199378,5.19760658095589,0.0674056902674009,0.00657727631074845,0.0159582170284738,0.00657727631074845,0.113343416142512,0.0685203081287785,0.0159582170284738,0.0685203081287785,0.0495362723034005,1.00000224237441,0.0009964406515433,0.0362,0,0.0692,0.01,0.203136,0.0997904,0.023302,0.0063786,0,0.235996,3.8,0.00673868,0.37515,0.0888888888888889,0,0.00628146,1.382,0,0.0661112,0.477386,0.345761666483293,0,1.44,12.1,0.4995,2.19,5.0784,2.49476,0.58255,0.159465,21.0035842293907,5.8999,95,0.168467,9.37875,0.41875,2.91300251256281,0.1570365,34.55,0.154861111111111,1.65278,11.93465,0.663542620071984,1,0.0713394857361115,0.828878224382137,0.107478156288357,1.26384729688109,1.34511725150059,0.503867607870435,0.559300461833002,0.0304859504612756,20.9997047055853,4.83903665364308,8.16648249824843,0.00755710346769841,8.30200207064711,0.261216612397787,1.25599588629359,0.089100698813419,6.47486292086278,0.0604622250195819,0.26331373321172,5.8922845815821,0.408022745988075,0.790796328897647,20.8729945613779,46.8145288683104,80.0722183786771,0.843299999999999,7.02749999999999
6,SA,100,0,0.489415883570371,3.94418598402665,4.64235150199378,5.19760658095589,0.0674056902674009,0.00657727631074845,0.0159582170284738,0.00657727631074845,0.113343416142512,0.0685203081287785,0.0159582170284738,0.0685203081287785,0.0495362723034005,1.00000224237441,0.0296064300214507,0.0362,0,0.0692,0.01,0.203136,0.0997904,0.023302,0.0063786,0,0.235996,3.8,0.00673868,0.37515,0.0888888888888889,0,0.00628146,1.382,0,0.0661112,0.477386,0.345761666483293,0,1.44,12.1,0.4995,2.19,5.0784,2.49476,0.58255,0.159465,21.0035842293907,5.8999,95,0.168467,9.37875,0.41875,2.91300251256281,0.1570365,34.55,0.154861111111111,1.65278,11.93465,0.663542620071984,1,0.830349197080395,3.52217327108015,0.299255768977005,1.01900243120206,1.37387991868855,1.15310805606359,0.112721283261684,0.0063790551438743,13.6830821675731,1.18356610474931,77.8000226852379,0.0421415196571613,4.24116373589439,0.323978714463887,1.59305536183025,0.0979502037869038,4.99192421135103,0.011185115879504,1.12941888885704,5.6316272617209,0.345791009972604,0.636747619460997,25.5031328287402,120.381264131657,214.559613689335,0.843299999999999,7.02749999999999
6,SA,100,0,0.489415883570371,3.94418598402665,4.64235150199378,5.19760658095589,0.0674056902674009,0.00657727631074845,0.0159582170284738,0.00657727631074845,0.113343416142512,0.0685203081287785,0.0159582170284738,0.0685203081287785,0.0495362723034005,1.00000224237441,1.66656092190472e-47,0.0362,0,0.0692,0.01,0.203136,0.0997904,0.023302,0.0063786,0,0.235996,3.8,0.00673868,0.37515,0.0888888888888889,0,0.00628146,1.382,0,0.0661112,0.477386,0.345761666483293,0,1.44,12.1,0.4995,2.19,5.0784,2.49476,0.58255,0.159465,21.0035842293907,5.8999,95,0.168467,9.37875,0.41875,2.91300251256281,0.1570365,34.55,0.154861111111111,1.65278,11.93465,0.663542620071984,1,0.182517197833324,5.10122672398168,0.16808094894632,1.33186780697019,1.97714907314922,0.67702826725234,0.21166507065397,0.0683626062941606,18.7063305032217,1.10100651347145,35.4672454772115,0.115745624386677,0.937737471247866,0.199653215749742,0.770723251510878,0.0446213570292561,32.6706393675134,0.0514466195675881,0.549593167999046,8.00625806557539,0.663415844579152,0.163915318645562,113.257478060077,41.146267975363,364.278970836689,0.843299999999999,7.02749999999999
6,SA,100,0,0.489415883570371,3.94418598402665,4.64235150199378,5.19760658095589,0.0674056902674009,0.00657727631074845,0.0159582170284738,0.00657727631074845,0.113343416142512,0.0685203081287785,0.0159582170284738,0.0685203081287785,0.0495362723034005,1.00000224237441,2.57291534360714e-10,0.0362,0,0.0692,0.01,0.203136,0.0997904,0.023302,0.0063786,0,0.235996,3.8,0.00673868,0.37515,0.0888888888888889,0,0.00628146,1.382,0,0.0661112,0.477386,0.345761666483293,0,1.44,12.1,0.4995,2.19,5.0784,2.49476,0.58255,0.159465,21.0035842293907,5.8999,95,0.168467,9.37875,0.41875,2.91300251256281,0.1570365,34.55,0.154861111111111,1.65278,11.93465,0.663542620071984,1,0.920077976114236,6.33176747887234,0.262355406490044,1.74080494247799,2.06645987489814,0.78172568754335,0.136934240076456,0.0167499083851683,17.1601211860965,3.24916273864804,81.5343785076598,0.0874808904541152,6.22671348482797,0.407032259057313,0.513161362747762,0.113775975715692,2.64825410307738,0.140191775094318,0.572652389341825,5.63395097421857,0.346349339717979,0.427799057442854,11.9300991817469,48.1102277635897,124.389972401585,0.843299999999999,7.02749999999999
6,SA,100,0,0.489415883570371,3.94418598402665,4.64235150199378,5.19760658095589,0.0674056902674009,0.00657727631074845,0.0159582170284738,0.00657727631074845,0.113343416142512,0.0685203081287785,0.0159582170284738,0.0685203081287785,0.0495362723034005,1.00000224237441,1.78506031706366e-17,0.0362,0,0.0692,0.01,0.203136,0.0997904,0.023302,0.0063786,0,0.235996,3.8,0.00673868,0.37515,0.0888888888888889,0,0.00628146,1.382,0,0.0661112,0.477386,0.345761666483293,0,1.44,12.1,0.4995,2.19,5.0784,2.49476,0.58255,0.159465,21.0035842293907,5.8999,95,0.168467,9.37875,0.41875,2.91300251256281,0.1570365,34.55,0.154861111111111,1.65278,11.93465,0.663542620071984,1,1.41210032002873,3.66540474173964,0.122609656118004,0.326800636728926,2.73935754202191,0.425690880139782,0.429050483541121,0.0126609246524326,8.80367143912697,5.18163614434907,10.4723110478475,0.0461684757085351,9.25876080363979,0.418743949162746,1.91583277831195,0.0912264559297596,32.2440827192565,0.000719184418072299,0.429695259754368,5.69420046553625,0.621857382886293,0.33729842276487,63.2671205851002,17.2547193615191,114.422768512773,0.843299999999999,7.02749999999999
6,SA,100,0,0.489415883570371,3.94418598402665,4.64235150199378,5.19760658095589,0.0674056902674009,0.00657727631074845,0.0159582170284738,0.00657727631074845,0.113343416142512,0.0685203081287785,0.0159582170284738,0.0685203081287785,0.0495362723034005,1.00000224237441,3.27981678440256e-61,0.0362,0,0.0692,0.01,0.203136,0.0997904,0.023302,0.0063786,0,0.235996,3.8,0.00673868,0.37515,0.0888888888888889,0,0.00628146,1.382,0,0.0661112,0.477386,0.345761666483293,0,1.44,12.1,0.4995,2.19,5.0784,2.49476,0.58255,0.159465,21.0035842293907,5.8999,95,0.168467,9.37875,0.41875,2.91300251256281,0.1570365,34.55,0.154861111111111,1.65278,11.93465,0.663542620071984,1,0.375159464201752,4.49457259085858,0.119769913732113,2.18299928854075,2.54114311212062,1.75903658618564,0.269291611236799,0.015805422280998,3.95531639232022,1.87405398029553,19.5711110814456,0.153166031860785,3.78486751855401,0.119265637098548,0.476579170763719,0.152647715870822,20.6403042974488,0.0841766291865411,0.986285704520586,11.5934973973563,0.365102583786911,0.127287599893879,91.1871646821003,13.0436606728581,193.661095243543,0.843299999999999,7.02749999999999
6,SA,100,0,0.489415883570371,3.94418598402665,4.64235150199378,5.19760658095589,0.0674056902674009,0.00657727631074845,0.0159582170284738,0.00657727631074845,0.113343416142512,0.0685203081287785,0.0159582170284738,0.0685203081287785,0.0495362723034005,1.00000224237441,0.000283398088805128,0.0362,0,0.0692,0.01,0.203136,0.0997904,0.023302,0.0063786,0,0.235996,3.8,0.00673868,0.37515,0.0888888888888889,0,0.00628146,1.382,0,0.0661112,0.477386,0.345761666483293,0,1.44,12.1,0.4995,2.19,5.0784,2.49476,0.58255,0.159465,21.0035842293907,5.8999,95,0.168467,9.37875,0.41875,2.91300251256281,0.1570365,34.55,0.154861111111111,1.65278,11.93465,0.663542620071984,1,0.252656439533214,4.68401648529625,0.431348870826352,1.58172421784007,1.9438207455897,0.459391114938041,0.428521503670962,0.0438969775831907,7.38806647673117,0.871975578402172,21.1201729106658,0.166412134856599,0.415947824691038,0.0925322888992236,0.187231419117943,0.093377275124668,17.7710645856744,0.0260858660550998,0.241648726775043,1.06355054194757,0.578886803108146,0.858612999855705,142.594589135191,86.8756309165577,243.775948992493,0.843299999999999,7.02749999999999
6,SA,100,0,0.489415883570371,3.94418598402665,4.64235150199378,5.19760658095589,0.0674056902674009,0.00657727631074845,0.0159582170284738,0.00657727631074845,0.113343416142512,0.0685203081287785,0.0159582170284738,0.0685203081287785,0.0495362723034005,1.00000224237441,0.0175327067387029,0.0362,0,0.0692,0.01,0.203136,0.0997904,0.023302,0.0063786,0,0.235996,3.8,0.00673868,0.37515,0.0888888888888889,0,0.00628146,1.382,0,0.0661112,0.477386,0.345761666483293,0,1.44,12.1,0.4995,2.19,5.0784,2.49476,0.58255,0.159465,21.0035842293907,5.8999,95,0.168467,9.37875,0.41875,2.91300251256281,0.1570365,34.55,0.154861111111111,1.65278,11.93465,0.663542620071984,1,0.745353125873309,4.22315585263259,0.390231489249965,1.92447826923844,4.91038308630634,1.71534269768576,0.224214793573961,0.0289164364259781,18.2596525395503,3.75032491598816,92.6349508597505,0.11357230237562,6.06719842070841,0.302324669110997,0.688084296838498,0.149183834889445,16.9434015163902,0.138073351688674,0.706786957388098,4.52933841386748,0.659290047456747,0.583390268454707,50.3566738142045,32.3939146520173,105.883679326008,0.843299999999999,7.02749999999999
6,SA,100,0,0.489415883570371,3.94418598402665,4.64235150199378,5.19760658095589,0.0674056902674009,0.00657727631074845,0.0159582170284738,0.00657727631074845,0.113343416142512,0.0685203081287785,0.0159582170284738,0.0685203081287785,0.0495362723034005,1.00000224237441,1.15219199028692e-81,0.0362,0,0.0692,0.01,0.203136,0.0997904,0.023302,0.0063786,0,0.235996,3.8,0.00673868,0.37515,0.0888888888888889,0,0.00628146,1.382,0,0.0661112,0.477386,0.345761666483293,0,1.44,12.1,0.4995,2.19,5.0784,2.49476,0.58255,0.159465,21.0035842293907,5.8999,95,0.168467,9.37875,0.41875,2.91300251256281,0.1570365,34.55,0.154861111111111,1.65278,11.93465,0.663542620071984,1,1.28218427165174,7.77840195195482,0.087461598231431,0.717799556863523,1.62817014069542,1.50179482888173,0.477481347181854,0.0625312865872432,3.42317449561388,1.51059965706034,41.7630663902412,0.130469590153938,4.38986906035079,0.102033194200377,1.18418686962226,0.0383436362229438,9.90825501621126,0.0807670855271568,1.30098852476307,7.62759941089573,0.526030989376813,0.0763858145152289,49.5863007316371,10.8625701340232,191.792942147466,0.843299999999999,7.02749999999999
6,SA,100,0,0.489415883570371,3.94418598402665,4.64235150199378,5.19760658095589,0.0674056902674009,0.00657727631074845,0.0159582170284738,0.00657727631074845,0.113343416142512,0.0685203081287785,0.0159582170284738,0.0685203081287785,0.0495362723034005,1.00000224237441,5.50321144255629e-05,0.0362,0,0.0692,0.01,0.203136,0.0997904,0.023302,0.0063786,0,0.235996,3.8,0.00673868,0.37515,0.0888888888888889,0,0.00628146,1.382,0,0.0661112,0.477386,0.345761666483293,0,1.44,12.1,0.4995,2.19,5.0784,2.49476,0.58255,0.159465,21.0035842293907,5.8999,95,0.168467,9.37875,0.41875,2.91300251256281,0.1570365,34.55,0.154861111111111,1.65278,11.93465,0.663542620071984,1,1.07796074858618,3.65823908081421,0.311945735698913,0.148044605298753,4.07370749208517,2.49472819787111,0.165629485198686,0.0538544359126504,20.4991284086058,3.20447780470064,67.4354258591194,0.0868216505672393,6.90867020973941,0.140287265093243,0.2602564852462,0.0554073817759915,10.1164671839085,0.143921193883221,1.22490104435334,5.58848065322476,0.348409928940259,0.419427254336957,37.6805759255147,31.9626354773866,113.886008803057,0.843299999999999,7.02749999999999
6,SA,100,0,0.489415883570371,3.94418598402665,4.64235150199378,5.19760658095589,0.0674056902674009,0.00657727631074845,0.0159582170284738,0.00657727631074845,0.113343416142512,0.0685203081287785,0.0159582170284738,0.0685203081287785,0.0495362723034005,1.00000224237441,9.04356025539075e-08,0.0362,0,0.0692,0.01,0.203136,0.0997904,0.023302,0.0063786,0,0.235996,3.8,0.00673868,0.37515,0.0888888888888889,0,0.00628146,1.382,0,0.0661112,0.477386,0.345761666483293,0,1.44,12.1,0.4995,2.19,5.0784,2.49476,0.58255,0.159465,21.0035842293907,5.8999,95,0.168467,9.37875,0.41875,2.91300251256281,0.1570365,34.55,0.154861111111111,1.65278,11.93465,0.663542620071984,1,0.0567997309922795,7.69321516801521,0.49369905402456,0.0729203708146774,2.99721792292413,2.2462573721472,0.269021050796021,0.0888192248483489,17.8817147841599,2.99517902571898,55.4777494926403,0.154857044701512,6.6240362504181,0.102513532675569,1.88486973881496,0.0702056832066681,1.49698756859183,0.139259933791449,1.17568895444609,1.94790069566379,0.609574630991441,0.422811068306486,14.6737420335251,29.0647096491455,83.4153427810183,0.843299999999999,7.02749999999999
6,SA,100,0,0.489415883570371,3.94418598402665,4.64235150199378,5.19760658095589,0.0674056902674009,0.00657727631074845,0.0159582170284738,0.00657727631074845,0.113343416142512,0.0685203081287785,0.0159582170284738,0.0685203081287785,0.0495362723034005,1.00000224237441,0.107799707322287,0.0362,0,0.0692,0.01,0.203136,0.0997904,0.023302,0.0063786,0,0.235996,3.8,0.00673868,0.37515,0.0888888888888889,0,0.00628146,1.382,0,0.0661112,0.477386,0.345761666483293,0,1.44,12.1,0.4995,2.19,5.0784,2.49476,0.58255,0.159465,21.0035842293907,5.8999,95,0.168467,9.37875,0.41875,2.91300251256281,0.1570365,34.55,0.154861111111111,1.65278,11.93465,0.663542620071984,1,0.68265535847109,4.41592468318455,0.221298369749036,1.6669879575934,0.820563740143682,1.84749226037243,0.300195035365045,0.061810140812386,16.8784941254771,3.24217716689482,85.005601941344,0.0490525219786319,8.18250208002244,0.163820996511772,2.30346163276136,0.07854047347265,15.0900895374645,0.130131431607465,0.954368899018518,7.13310349355645,0.366993726965099,0.69140898721349,45.4149650023005,177.76567828615,302.521368843795,0.843299999999999,7.02749999999999
6,SA,100,0,0.489415883570371,3.94418598402665,4.64235150199378,5.19760658095589,0.0674056902674009,0.00657727631074845,0.0159582170284738,0.00657727631074845,0.113343416142512,0.0685203081287785,0.0159582170284738,0.0685203081287785,0.0495362723034005,1.00000224237441,0.000479418599990974,0.0362,0,0.0692,0.01,0.203136,0.0997904,0.023302,0.0063786,0,0.235996,3.8,0.00673868,0.37515,0.0888888888888889,0,0.00628146,1.382,0,0.0661112,0.477386,0.345761666483293,0,1.44,12.1,0.4995,2.19,5.0784,2.49476,0.58255,0.159465,21.0035842293907,5.8999,95,0.168467,9.37875,0.41875,2.91300251256281,0.1570365,34.55,0.154861111111111,1.65278,11.93465,0.663542620071984,1,0.561711036123549,0.79367545422833,0.0825742506150551,2.15233095983672,0.435052219532282,0.126510351470842,0.0852126227349618,0.0379746380874915,8.02395434848802,0.984816473529863,25.3647271438911,0.0733142311735146,0.594328049430527,0.193554043467458,0.270025584206278,0.0374706088289217,9.04357191762952,0.112903274952517,0.0708367915451781,8.88796899860574,0.438909625819234,0.677529888767703,42.415328037755,236.736328798506,391.826228904556,0.843299999999999,7.02749999999999
6,SA,100,0,0.489415883570371,3.94418598402665,4.64235150199378,5.19760658095589,0.0674056902674009,0.00657727631074845,0.0159582170284738,0.00657727631074845,0.113343416142512,0.0685203081287785,0.0159582170284738,0.0685203081287785,0.0495362723034005,1.00000224237441,0.00943732994573622,0.0362,0,0.0692,0.01,0.203136,0.0997904,0.023302,0.0063786,0,0.235996,3.8,0.00673868,0.37515,0.0888888888888889,0,0.00628146,1.382,0,0.0661112,0.477386,0.345761666483293,0,1.44,12.1,0.4995,2.19,5.0784,2.49476,0.58255,0.159465,21.0035842293907,5.8999,95,0.168467,9.37875,0.41875,2.91300251256281,0.1570365,34.55,0.154861111111111,1.65278,11.93465,0.663542620071984,1,1.41735475381283,11.303470592785,0.499497723380642,0.961897987149746,2.09163453313251,1.19886973410443,0.581096445611771,0.123534072391125,18.3814778949416,0.535920307189034,43.6737373383123,0.153280628539331,0.852629939667865,0.331686198770292,1.43198810073349,0.108220347081469,28.7475760626584,0.0523431357621709,0.511335479047917,5.22706375670661,0.660092772994495,0.891063227008082,139.095643356227,213.864498177965,379.106106919017,0.843299999999999,7.02749999999999
6,SA,100,0,0.489415883570371,3.94418598402665,4.64235150199378,5.19760658095589,0.0674056902674009,0.00657727631074845,0.0159582170284738,0.00657727631074845,0.113343416142512,0.0685203081287785,0.0159582170284738,0.0685203081287785,0.0495362723034005,1.00000224237441,0.375081203067854,0.0362,0,0.0692,0.01,0.203136,0.0997904,0.023302,0.0063786,0,0.235996,3.8,0.00673868,0.37515,0.0888888888888889,0,0.00628146,1.382,0,0.0661112,0.477386,0.345761666483293,0,1.44,12.1,0.4995,2.19,5.0784,2.49476,0.58255,0.159465,21.0035842293907,5.8999,95,0.168467,9.37875,0.41875,2.91300251256281,0.1570365,34.55,0.154861111111111,1.65278,11.93465,0.663542620071984,1,0.319544027000294,7.05141373014706,0.13639275222334,1.94745482071325,1.83580774537958,2.24763134497998,0.237078111896442,0.0594203053102596,0.946908601596251,2.6977180100083,20.5862327917318,0.123871574574177,9.37872025521308,0.0973279202272306,1.52903548731949,0.133309878045062,20.8618616790935,0.142271669196726,1.22895823381167,5.3129262256609,0.647498246823168,0.573139712187713,38.1322578745603,86.2323210684498,188.588279739273,0.843299999999999,7.02749999999999
6,SA,100,0,0.489415883570371,3.94418598402665,4.64235150199378,5.19760658095589,0.0674056902674009,0.00657727631074845,0.0159582170284738,0.00657727631074845,0.113343416142512,0.0685203081287785,0.0159582170284738,0.0685203081287785,0.0495362723034005,1.00000224237441,0.00141961641000579,0.0362,0,0.0692,0.01,0.203136,0.0997904,0.023302,0.0063786,0,0.235996,3.8,0.00673868,0.37515,0.0888888888888889,0,0.00628146,1.382,0,0.0661112,0.477386,0.345761666483293,0,1.44,12.1,0.4995,2.19,5.0784,2.49476,0.58255,0.159465,21.0035842293907,5.8999,95,0.168467,9.37875,0.41875,2.91300251256281,0.1570365,34.55,0.154861111111111,1.65278,11.93465,0.663542620071984,1,1.22351297182517,5.06970815961234,0.372680604324965,1.54268628744389,3.94843085360346,1.79568575805416,0.293674967325164,0.0355343614579114,5.68134757645988,3.4748931833467,7.38594718097724,0.134110714468656,5.84514816856699,0.132160356357695,1.22638201492052,0.0998622655336821,20.6157302833122,0.151195606488844,0.97456181029898,4.7116151654231,0.484089887625501,0.567641042375891,61.5370575101967,37.1006026640061,126.896324889313,0.843299999999999,7.02749999999999
6,SA,100,0,0.489415883570371,3.94418598402665,4.64235150199378,5.19760658095589,0.0674056902674009,0.00657727631074845,0.0159582170284738,0.00657727631074845,0.113343416142512,0.0685203081287785,0.0159582170284738,0.0685203081287785,0.0495362723034005,1.00000224237441,0.000526841651799711,0.0362,0,0.0692,0.01,0.203136,0.0997904,0.023302,0.0063786,0,0.235996,3.8,0.00673868,0.37515,0.0888888888888889,0,0.00628146,1.382,0,0.0661112,0.477386,0.345761666483293,0,1.44,12.1,0.4995,2.19,5.0784,2.49476,0.58255,0.159465,21.0035842293907,5.8999,95,0.168467,9.37875,0.41875,2.91300251256281,0.1570365,34.55,0.154861111111111,1.65278,11.93465,0.663542620071984,1,0.300722886214371,3.66370610878594,0.305748442163465,0.567009589884038,2.06641943683013,0.829781378189934,0.461277879245259,0.0381815712409806,5.51540422568734,3.46098166235848,52.5089209903906,0.0497028186306245,5.38030970635767,0.129266086505016,2.06040314233665,0.115307124108116,5.04881926798016,0.000244981119162105,0.540362379265145,1.34611966730232,0.503793359532243,0.874819420200627,22.2266711858233,49.3028791113194,78.5844496859995,0.843299999999999,7.02749999999999
6,SA,100,0,0.489415883570371,3.94418598402665,4.64235150199378,5.19760658095589,0.0674056902674009,0.00657727631074845,0.0159582170284738,0.00657727631074845,0.113343416142512,0.0685203081287785,0.0159582170284738,0.0685203081287785,0.0495362723034005,1.00000224237441,2.69845237591341e-12,0.0362,0,0.0692,0.01,0.203136,0.0997904,0.023302,0.0063786,0,0.235996,3.8,0.00673868,0.37515,0.0888888888888889,0,0.00628146,1.382,0,0.0661112,0.477386,0.345761666483293,0,1.44,12.1,0.4995,2.19,5.0784,2.49476,0.58255,0.159465,21.0035842293907,5.8999,95,0.168467,9.37875,0.41875,2.91300251256281,0.1570365,34.55,0.154861111111111,1.65278,11.93465,0.663542620071984,1,1.04922874845603,2.4255586493222,0.251909230072414,0.225965576588187,1.07092033365027,1.6632263424938,0.0783510102330527,0.0233651175422375,20.2402596114116,0.771018609796156,21.7936622525241,0.109295260980801,4.79507561323414,0.252493086895224,0.0517660326394723,0.0208082237105706,14.2165276908769,0.0238577105233347,1.09064475896796,6.25365459881909,0.373131335031003,0.414747369655593,49.4419733129515,142.368624322807,392.707861752534,0.843299999999999,7.02749999999999
6,SA,100,1,0.489415883570371,3.94418598402665,4.64235150199378,5.19760658095589,0.0674056902674009,0.00657727631074845,0.0159582170284738,0.00657727631074845,0.113343416142512,0.0685203081287785,0.0159582170284738,0.0685203081287785,0.0495362723034005,1.00000224237441,4.68356408660784,0.0362,0,0.0692,0.01,0.203136,0.0997904,0.023302,0.0063786,0,0.235996,3.8,0.00673868,0.37515,0.0888888888888889,0,0.00628146,1.382,0,0.0661112,0.477386,0.345761666483293,0,1.44,12.1,0.4995,2.19,5.0784,2.49476,0.58255,0.159465,21.0035842293907,5.8999,95,0.168467,9.37875,0.41875,2.91300251256281,0.1570365,34.55,0.154861111111111,1.65278,11.93465,0.663542620071984,1,0.141768943463372,11.3312297311198,0.0692212925360901,1.4800664633492,1.82120606088094,1.33583068930932,0.283132892082355,0.0425541221757985,4.64624413788792,1.84610690671617,79.7106238073591,0.120934951085389,4.73991844663322,0.139655724689788,0.280178810490432,0.0825161344428489,14.8755784259321,0.120622425242941,1.05329365068698,8.05600716842761,0.663044633247173,0.999074811942872,54.5950328820112,171.577215115341,226.331136189109,0.843299999999999,7.02749999999999
6,SA,100,0,0.489415883570371,3.94418598402665,4.64235150199378,5.19760658095589,0.0674056902674009,0.00657727631074845,0.0159582170284738,0.00657727631074845,0.113343416142512,0.0685203081287785,0.0159582170284738,0.0685203081287785,0.0495362723034005,1.00000224237441,0.0118395384645945,0.0362,0,0.0692,0.01,0.203136,0.0997904,0.023302,0.0063786,0,0.235996,3.8,0.00673868,0.37515,0.0888888888888889,0,0.00628146,1.382,0,0.0661112,0.477386,0.345761666483293,0,1.44,12.1,0.4995,2.19,5.0784,2.49476,0.58255,0.159465,21.0035842293907,5.8999,95,0.168467,9.37875,0.41875,2.91300251256281,0.1570365,34.55,0.154861111111111,1.65278,11.93465,0.663542620071984,1,0.045458458326707,7.12673523984234,0.369726907481129,2.18274369220752,1.33793567699069,1.48233460681899,0.332159893409975,0.0975974945467795,14.6078078647501,0.598765626483175,17.9215306645728,0.115060136124532,1.68951401079982,0.141246267966756,0.931910306843737,0.148658310765681,27.7274950403483,0.0565718467174498,0.854529083286554,4.7870545265717,0.506224178315264,0.95333670281678,114.223406812328,329.848346890373,460.216953390138,0.843299999999999,7.02749999999999
6,SA,100,0,0.489415883570371,3.94418598402665,4.64235150199378,5.19760658095589,0.0674056902674009,0.00657727631074845,0.0159582170284738,0.00657727631074845,0.113343416142512,0.0685203081287785,0.0159582170284738,0.0685203081287785,0.0495362723034005,1.00000224237441,5.19226037642633e-27,0.0362,0,0.0692,0.01,0.203136,0.0997904,0.023302,0.0063786,0,0.235996,3.8,0.00673868,0.37515,0.0888888888888889,0,0.00628146,1.382,0,0.0661112,0.477386,0.345761666483293,0,1.44,12.1,0.4995,2.19,5.0784,2.49476,0.58255,0.159465,21.0035842293907,5.8999,95,0.168467,9.37875,0.41875,2.91300251256281,0.1570365,34.55,0.154861111111111,1.65278,11.93465,0.663542620071984,1,1.03260127103282,8.07408114739013,0.232055498610408,0.835685558367498,1.44892100971151,1.36896930780009,0.263895622558355,0.0509302545638269,3.90946084481134,2.84063054918304,8.882595815737,0.168238132323148,5.30493994428979,0.329312361489334,2.22834277499109,0.0280098937371157,15.4321203929128,0.047700663232563,0.783595594325578,5.27092171527436,0.510562634766843,0.201898646927073,50.0589925606208,26.088279290254,179.273723255063,0.843299999999999,7.02749999999999
6,SA,100,0,0.489415883570371,3.94418598402665,4.64235150199378,5.19760658095589,0.0674056902674009,0.00657727631074845,0.0159582170284738,0.00657727631074845,0.113343416142512,0.0685203081287785,0.0159582170284738,0.0685203081287785,0.0495362723034005,1.00000224237441,0.132740052610976,0.0362,0,0.0692,0.01,0.203136,0.0997904,0.023302,0.0063786,0,0.235996,3.8,0.00673868,0.37515,0.0888888888888889,0,0.00628146,1.382,0,0.0661112,0.477386,0.345761666483293,0,1.44,12.1,0.4995,2.19,5.0784,2.49476,0.58255,0.159465,21.0035842293907,5.8999,95,0.168467,9.37875,0.41875,2.91300251256281,0.1570365,34.55,0.154861111111111,1.65278,11.93465,0.663542620071984,1,0.667957290491338,4.71440606543826,0.450229904196617,0.0151236831273366,0.936620195325422,1.90472175197157,0.140963197659778,0.0928334087524547,5.13252811898904,5.62233447332517,11.5021661528978,0.150328163745447,7.64024826773624,0.139151425185515,1.83518715212021,0.0383975136060586,19.3005939450761,0.074074552638393,0.852419225864129,11.2968673620615,0.388717921296406,0.690441964674708,39.3188196499091,158.148062084554,268.372194409746,0.843299999999999,7.02749999999999
6,SA,100,0,0.489415883570371,3.94418598402665,4.64235150199378,5.19760658095589,0.0674056902674009,0.00657727631074845,0.0159582170284738,0.00657727631074845,0.113343416142512,0.0685203081287785,0.0159582170284738,0.0685203081287785,0.0495362723034005,1.00000224237441,2.42041474583789e-41,0.0362,0,0.0692,0.01,0.203136,0.0997904,0.023302,0.0063786,0,0.235996,3.8,0.00673868,0.37515,0.0888888888888889,0,0.00628146,1.382,0,0.0661112,0.477386,0.345761666483293,0,1.44,12.1,0.4995,2.19,5.0784,2.49476,0.58255,0.159465,21.0035842293907,5.8999,95,0.168467,9.37875,0.41875,2.91300251256281,0.1570365,34.55,0.154861111111111,1.65278,11.93465,0.663542620071984,1,1.09631820618367,6.40522985113754,0.390977673072482,1.53531388870614,1.21431692840112,0.887641500356516,0.225680242616522,0.0244134046979866,10.2923735428536,4.34516566454068,11.8915730617098,0.0751058520970044,1.72493310574224,0.277320321241189,0.493957216014912,0.14996140265711,25.433318382256,0.0729470793642255,0.399116582104649,2.05415098066889,0.568985887729808,0.165423108426141,78.7570033235387,32.1089469541984,272.858947481688,0.843299999999999,7.02749999999999
6,SA,100,0,0.489415883570371,3.94418598402665,4.64235150199378,5.19760658095589,0.0674056902674009,0.00657727631074845,0.0159582170284738,0.00657727631074845,0.113343416142512,0.0685203081287785,0.0159582170284738,0.0685203081287785,0.0495362723034005,1.00000224237441,2.88229985298581e-81,0.0362,0,0.0692,0.01,0.203136,0.0997904,0.023302,0.0063786,0,0.235996,3.8,0.00673868,0.37515,0.0888888888888889,0,0.00628146,1.382,0,0.0661112,0.477386,0.345761666483293,0,1.44,12.1,0.4995,2.19,5.0784,2.49476,0.58255,0.159465,21.0035842293907,5.8999,95,0.168467,9.37875,0.41875,2.91300251256281,0.1570365,34.55,0.154861111111111,1.65278,11.93465,0.663542620071984,1,0.156065617693542,2.04639938122961,0.119295154178291,0.326892741559707,2.52587990851197,2.33390594204315,0.142550261012802,0.0837211309895914,0.485788309144638,0.430775746814061,87.6733138569413,0.0585841478779947,8.39430860518466,0.146050449287151,0.500563649891568,0.0745016969752112,22.2230456116042,0.0997791978015413,1.6126424932257,11.1710034412046,0.545226780145909,0.0745830077855255,46.4223799436611,8.80746468707009,164.511807396054,0.843299999999999,7.02749999999999
6,SA,100,0,0.489415883570371,3.94418598402665,4.64235150199378,5.19760658095589,0.0674056902674009,0.00657727631074845,0.0159582170284738,0.00657727631074845,0.113343416142512,0.0685203081287785,0.0159582170284738,0.0685203081287785,0.0495362723034005,1.00000224237441,2.95608196088378e-35,0.0362,0,0.0692,0.01,0.203136,0.0997904,0.023302,0.0063786,0,0.235996,3.8,0.00673868,0.37515,0.0888888888888889,0,0.00628146,1.382,0,0.0661112,0.477386,0.345761666483293,0,1.44,12.1,0.4995,2.19,5.0784,2.49476,0.58255,0.159465,21.0035842293907,5.8999,95,0.168467,9.37875,0.41875,2.91300251256281,0.1570365,34.55,0.154861111111111,1.65278,11.93465,0.663542620071984,1,0.306166466459295,4.28727907270789,0.169759370192464,1.09997496207589,3.69364677879035,1.6433614171607,0.401188157027868,0.0757360115573788,1.16793919677411,0.670382453800616,51.2090217180007,0.124509455358158,5.16367778664999,0.33982968068776,1.86279389891189,0.126460951779344,1.71099070979863,0.0457911336184162,1.1719921812278,6.40335815309551,0.358755905093504,0.154382861510464,17.0263351650006,10.8744226955542,87.464352631189,0.843299999999999,7.02749999999999
6,SA,100,0,0.489415883570371,3.94418598402665,4.64235150199378,5.19760658095589,0.0674056902674009,0.00657727631074845,0.0159582170284738,0.00657727631074845,0.113343416142512,0.0685203081287785,0.0159582170284738,0.0685203081287785,0.0495362723034005,1.00000224237441,2.71446632430124e-119,0.0362,0,0.0692,0.01,0.203136,0.0997904,0.023302,0.0063786,0,0.235996,3.8,0.00673868,0.37515,0.0888888888888889,0,0.00628146,1.382,0,0.0661112,0.477386,0.345761666483293,0,1.44,12.1,0.4995,2.19,5.0784,2.49476,0.58255,0.159465,21.0035842293907,5.8999,95,0.168467,9.37875,0.41875,2.91300251256281,0.1570365,34.55,0.154861111111111,1.65278,11.93465,0.663542620071984,1,1.29278062783864,2.40113453370519,0.157925531673149,0.0445106368866014,0.992126817390982,0.856991064267129,0.10983765760295,0.024796961137871,1.44496249225753,4.74360619307171,24.9734778657328,0.0824111958687943,4.24058735081307,0.134605929101349,0.386644851870967,0.0462111332815796,7.14554970179784,0.0601497788212989,0.52764587898386,0.665356502931983,0.345783390317807,0.0424293818836561,24.3796104462634,4.3389937368717,126.643502688896,0.843299999999999,7.02749999999999
6,SA,100,0,0.489415883570371,3.94418598402665,4.64235150199378,5.19760658095589,0.0674056902674009,0.00657727631074845,0.0159582170284738,0.00657727631074845,0.113343416142512,0.0685203081287785,0.0159582170284738,0.0685203081287785,0.0495362723034005,1.00000224237441,3.42257761531394e-07,0.0362,0,0.0692,0.01,0.203136,0.0997904,0.023302,0.0063786,0,0.235996,3.8,0.00673868,0.37515,0.0888888888888889,0,0.00628146,1.382,0,0.0661112,0.477386,0.345761666483293,0,1.44,12.1,0.4995,2.19,5.0784,2.49476,0.58255,0.159465,21.0035842293907,5.8999,95,0.168467,9.37875,0.41875,2.91300251256281,0.1570365,34.55,0.154861111111111,1.65278,11.93465,0.663542620071984,1,0.17064060397982,0.395001214230138,0.40822663964776,1.14877608061997,4.55772140077737,1.05330133755309,0.345264609109533,0.00889296730999689,11.5304141011866,3.98666356861894,11.6007653028535,0.0165916761289959,1.06676003358071,0.189621007781499,0.572705936306407,0.137615087356305,27.9715386040882,0.0697351280274602,0.5150637029897,7.96179865657885,0.596304382869371,0.876148366336765,109.895826465113,35.2708334128188,150.152516733553,0.843299999999999,7.02749999999999
6,SA,100,1,0.489415883570371,3.94418598402665,4.64235150199378,5.19760658095589,0.0674056902674009,0.00657727631074845,0.0159582170284738,0.00657727631074845,0.113343416142512,0.0685203081287785,0.0159582170284738,0.0685203081287785,0.0495362723034005,1.00000224237441,2.13725182120761,0.0362,0,0.0692,0.01,0.203136,0.0997904,0.023302,0.0063786,0,0.235996,3.8,0.00673868,0.37515,0.0888888888888889,0,0.00628146,1.382,0,0.0661112,0.477386,0.345761666483293,0,1.44,12.1,0.4995,2.19,5.0784,2.49476,0.58255,0.159465,21.0035842293907,5.8999,95,0.168467,9.37875,0.41875,2.91300251256281,0.1570365,34.55,0.154861111111111,1.65278,11.93465,0.663542620071984,1,1.40401173192356,5.9785457780964,0.161496445310983,0.755692246780073,0.849279870045233,1.59452149048393,0.508617180279295,0.119448623524738,19.8749908919287,5.53393480732018,65.0976170689124,0.134426139435662,4.5781082602789,0.196271617551867,0.350501252256709,0.124567314683932,11.9878112238224,0.0677771108304511,0.702404180242323,1.97656042725479,0.401516217189899,0.973559108453521,37.8085172030004,176.502006909852,219.104142067753,0.843299999999999,7.02749999999999
6,SA,100,0,0.489415883570371,3.94418598402665,4.64235150199378,5.19760658095589,0.0674056902674009,0.00657727631074845,0.0159582170284738,0.00657727631074845,0.113343416142512,0.0685203081287785,0.0159582170284738,0.0685203081287785,0.0495362723034005,1.00000224237441,1.31514638866081e-07,0.0362,0,0.0692,0.01,0.203136,0.0997904,0.023302,0.0063786,0,0.235996,3.8,0.00673868,0.37515,0.0888888888888889,0,0.00628146,1.382,0,0.0661112,0.477386,0.345761666483293,0,1.44,12.1,0.4995,2.19,5.0784,2.49476,0.58255,0.159465,21.0035842293907,5.8999,95,0.168467,9.37875,0.41875,2.91300251256281,0.1570365,34.55,0.154861111111111,1.65278,11.93465,0.663542620071984,1,0.151465308656412,6.91187743752509,0.162090172976649,0.872890585014075,3.45784469419137,0.794520207258309,0.0442613052904137,0.0487862171659726,14.2791971817876,2.03120558702289,44.2214101604771,0.0677689986870267,3.4039834908521,0.381448370550251,2.25107273167968,0.0834285917335381,2.66780380536599,0.0977651038974664,0.371981676302822,3.74168447694336,0.457509108117063,0.407062193494983,29.6945163648941,17.2883273452301,72.1654891584978,0.843299999999999,7.02749999999999
6,SA,100,0,0.489415883570371,3.94418598402665,4.64235150199378,5.19760658095589,0.0674056902674009,0.00657727631074845,0.0159582170284738,0.00657727631074845,0.113343416142512,0.0685203081287785,0.0159582170284738,0.0685203081287785,0.0495362723034005,1.00000224237441,2.74941742773474e-95,0.0362,0,0.0692,0.01,0.203136,0.0997904,0.023302,0.0063786,0,0.235996,3.8,0.00673868,0.37515,0.0888888888888889,0,0.00628146,1.382,0,0.0661112,0.477386,0.345761666483293,0,1.44,12.1,0.4995,2.19,5.0784,2.49476,0.58255,0.159465,21.0035842293907,5.8999,95,0.168467,9.37875,0.41875,2.91300251256281,0.1570365,34.55,0.154861111111111,1.65278,11.93465,0.663542620071984,1,0.100438681490519,1.71825226542874,0.150014304971293,0.88774354145271,3.62158842159808,1.34326898788435,0.0522382975369843,0.0636328685876763,9.32867219110219,0.721759215685693,18.7357024691403,0.00809029542354286,2.87307984321076,0.120675221197035,0.586790091111181,0.0213324903174015,19.5048105239672,0.117795689352353,1.2148805226245,0.8771179381948,0.590548625898776,0.0866046585559236,118.736279052663,9.54763687860781,228.980197079804,0.843299999999999,7.02749999999999
6,SA,100,0,0.489415883570371,3.94418598402665,4.64235150199378,5.19760658095589,0.0674056902674009,0.00657727631074845,0.0159582170284738,0.00657727631074845,0.113343416142512,0.0685203081287785,0.0159582170284738,0.0685203081287785,0.0495362723034005,1.00000224237441,2.18321026407549e-22,0.0362,0,0.0692,0.01,0.203136,0.0997904,0.023302,0.0063786,0,0.235996,3.8,0.00673868,0.37515,0.0888888888888889,0,0.00628146,1.382,0,0.0661112,0.477386,0.345761666483293,0,1.44,12.1,0.4995,2.19,5.0784,2.49476,0.58255,0.159465,21.0035842293907,5.8999,95,0.168467,9.37875,0.41875,2.91300251256281,0.1570365,34.55,0.154861111111111,1.65278,11.93465,0.663542620071984,1,0.341609669777811,4.6846112780585,0.0845383526318702,1.33556825760578,0.715297090233138,0.878471502227161,0.497063265027128,0.124449446542704,4.48812693904977,2.63353193857114,25.0295933222321,0.0900084512242009,1.31528756830278,0.359144396255711,1.81115370868115,0.0417840197083279,3.80172714144186,0.0061129051256263,0.531240605234372,4.98654700227352,0.45445281587237,0.238546860004495,47.8129974079285,42.6345157443759,226.538953991774,0.843299999999999,7.02749999999999
6,SA,100,0,0.489415883570371,3.94418598402665,4.64235150199378,5.19760658095589,0.0674056902674009,0.00657727631074845,0.0159582170284738,0.00657727631074845,0.113343416142512,0.0685203081287785,0.0159582170284738,0.0685203081287785,0.0495362723034005,1.00000224237441,0.0205937489121674,0.0362,0,0.0692,0.01,0.203136,0.0997904,0.023302,0.0063786,0,0.235996,3.8,0.00673868,0.37515,0.0888888888888889,0,0.00628146,1.382,0,0.0661112,0.477386,0.345761666483293,0,1.44,12.1,0.4995,2.19,5.0784,2.49476,0.58255,0.159465,21.0035842293907,5.8999,95,0.168467,9.37875,0.41875,2.91300251256281,0.1570365,34.55,0.154861111111111,1.65278,11.93465,0.663542620071984,1,0.188180897670359,4.10693755221856,0.229404342167679,1.30238439903833,1.27892900160113,1.05353659068392,0.471754185217482,0.0469982197276319,0.497874552629847,2.27765586001147,29.6300326643126,0.0463427847207902,9.32582819114904,0.239758415792731,0.228910757105492,0.1309378981741,14.3219864396138,0.085706630614879,0.684415022421332,1.86319007367229,0.372319315913845,0.489819813813856,30.2331836405336,57.4371044385482,147.49488441031,0.843299999999999,7.02749999999999
6,SA,100,0,0.489415883570371,3.94418598402665,4.64235150199378,5.19760658095589,0.0674056902674009,0.00657727631074845,0.0159582170284738,0.00657727631074845,0.113343416142512,0.0685203081287785,0.0159582170284738,0.0685203081287785,0.0495362723034005,1.00000224237441,5.39778832268486e-30,0.0362,0,0.0692,0.01,0.203136,0.0997904,0.023302,0.0063786,0,0.235996,3.8,0.00673868,0.37515,0.0888888888888889,0,0.00628146,1.382,0,0.0661112,0.477386,0.345761666483293,0,1.44,12.1,0.4995,2.19,5.0784,2.49476,0.58255,0.159465,21.0035842293907,5.8999,95,0.168467,9.37875,0.41875,2.91300251256281,0.1570365,34.55,0.154861111111111,1.65278,11.93465,0.663542620071984,1,0.37779084211508,11.76598233836,0.273369068663071,1.13901398046626,0.240868549131432,0.280092159108668,0.280323526717272,0.123747622452929,11.6970412144621,5.21558386516629,36.6161224979769,0.105169287815157,5.02626737695353,0.39337179638179,1.68977612519525,0.0610137699840396,19.8611394519225,0.047364241978385,0.126611637640655,0.944104808524272,0.365545858614089,0.22969801241875,59.9095480419807,73.4324277739337,379.600724298495,0.843299999999999,7.02749999999999
6,SA,100,1,0.489415883570371,3.94418598402665,4.64235150199378,5.19760658095589,0.0674056902674009,0.00657727631074845,0.0159582170284738,0.00657727631074845,0.113343416142512,0.0685203081287785,0.0159582170284738,0.0685203081287785,0.0495362723034005,1.00000224237441,2.94557881126515,0.0362,0,0.0692,0.01,0.203136,0.0997904,0.023302,0.0063786,0,0.235996,3.8,0.00673868,0.37515,0.0888888888888889,0,0.00628146,1.382,0,0.0661112,0.477386,0.345761666483293,0,1.44,12.1,0.4995,2.19,5.0784,2.49476,0.58255,0.159465,21.0035842293907,5.8999,95,0.168467,9.37875,0.41875,2.91300251256281,0.1570365,34.55,0.154861111111111,1.65278,11.93465,0.663542620071984,1,0.14086587302694,1.55287088297266,0.263488761208054,2.09675754713741,1.20988227757634,0.508769508753612,0.404944496931482,0.0933503573606762,7.391347719438,3.17285106466562,53.5845009313724,0.0687398569862152,3.48177117073591,0.124410180859531,1.42281582682973,0.156593800882865,6.15851993776212,0.086910873740613,0.43223511119983,5.1882068722582,0.426198696546995,0.825742150674828,30.6926335237899,79.7324051139972,127.25111131112,0.843299999999999,7.02749999999999
6,SA,100,0,0.489415883570371,3.94418598402665,4.64235150199378,5.19760658095589,0.0674056902674009,0.00657727631074845,0.0159582170284738,0.00657727631074845,0.113343416142512,0.0685203081287785,0.0159582170284738,0.0685203081287785,0.0495362723034005,1.00000224237441,2.6965357577002e-57,0.0362,0,0.0692,0.01,0.203136,0.0997904,0.023302,0.0063786,0,0.235996,3.8,0.00673868,0.37515,0.0888888888888889,0,0.00628146,1.382,0,0.0661112,0.477386,0.345761666483293,0,1.44,12.1,0.4995,2.19,5.0784,2.49476,0.58255,0.159465,21.0035842293907,5.8999,95,0.168467,9.37875,0.41875,2.91300251256281,0.1570365,34.55,0.154861111111111,1.65278,11.93465,0.663542620071984,1,0.350320239102097,7.20008210856964,0.116755460808657,1.07786965293643,1.11519670443616,0.496646070917143,0.0799815010140684,0.0698185109217975,15.7606839992035,2.78443911613125,5.21228100159901,0.135841503102572,4.43227886221351,0.248569088718396,2.89950875369347,0.0831632706657852,7.97574652822494,0.11419168463346,0.271415116281532,2.64794775809229,0.469185234805052,0.103662203289167,37.0508680706478,9.33356331552719,127.089117494028,0.843299999999999,7.02749999999999
6,SA,100,0,0.489415883570371,3.94418598402665,4.64235150199378,5.19760658095589,0.0674056902674009,0.00657727631074845,0.0159582170284738,0.00657727631074845,0.113343416142512,0.0685203081287785,0.0159582170284738,0.0685203081287785,0.0495362723034005,1.00000224237441,2.35681928722094e-14,0.0362,0,0.0692,0.01,0.203136,0.0997904,0.023302,0.0063786,0,0.235996,3.8,0.00673868,0.37515,0.0888888888888889,0,0.00628146,1.382,0,0.0661112,0.477386,0.345761666483293,0,1.44,12.1,0.4995,2.19,5.0784,2.49476,0.58255,0.159465,21.0035842293907,5.8999,95,0.168467,9.37875,0.41875,2.91300251256281,0.1570365,34.55,0.154861111111111,1.65278,11.93465,0.663542620071984,1,0.194894293399148,1.29586489724483,0.133306171504996,0.0681715971936897,2.14758474881057,0.866372078454676,0.105846746518887,0.0372076962507497,12.32299545346,4.76873245612768,6.8595847654078,0.0174203952005827,1.03525353368757,0.122023114539555,0.448980416715175,0.0403146779646438,22.1392286176942,0.0551735521377579,0.373754884437,3.56699321239023,0.405102055353147,0.386914306454366,79.0983050894591,25.1374257075755,144.067279583919,0.843299999999999,7.02749999999999
6,SA,100,1,0.489415883570371,3.94418598402665,4.64235150199378,5.19760658095589,0.0674056902674009,0.00657727631074845,0.0159582170284738,0.00657727631074845,0.113343416142512,0.0685203081287785,0.0159582170284738,0.0685203081287785,0.0495362723034005,1.00000224237441,0.377486948695284,0.0362,0,0.0692,0.01,0.203136,0.0997904,0.023302,0.0063786,0,0.235996,3.8,0.00673868,0.37515,0.0888888888888889,0,0.00628146,1.382,0,0.0661112,0.477386,0.345761666483293,0,1.44,12.1,0.4995,2.19,5.0784,2.49476,0.58255,0.159465,21.0035842293907,5.8999,95,0.168467,9.37875,0.41875,2.91300251256281,0.1570365,34.55,0.154861111111111,1.65278,11.93465,0.663542620071984,1,0.80952952828999,1.71705082271092,0.479965035279123,0.556537882247628,2.82758227570432,0.697112956536748,0.436947682272609,0.0493571941128586,11.717962761921,2.28627278804596,66.6876995365697,0.052949758084954,2.99882370831657,0.392381865456733,0.00374987915789663,0.0639772441989061,21.7703276605489,0.085064790586669,0.653788886452785,11.9345220859775,0.548763104534953,0.930090760573227,96.0417227645075,87.2207375616987,189.818310232104,0.843299999999999,7.02749999999999
6,SA,100,0,0.489415883570371,3.94418598402665,4.64235150199378,5.19760658095589,0.0674056902674009,0.00657727631074845,0.0159582170284738,0.00657727631074845,0.113343416142512,0.0685203081287785,0.0159582170284738,0.0685203081287785,0.0495362723034005,1.00000224237441,3.72672497100649e-81,0.0362,0,0.0692,0.01,0.203136,0.0997904,0.023302,0.0063786,0,0.235996,3.8,0.00673868,0.37515,0.0888888888888889,0,0.00628146,1.382,0,0.0661112,0.477386,0.345761666483293,0,1.44,12.1,0.4995,2.19,5.0784,2.49476,0.58255,0.159465,21.0035842293907,5.8999,95,0.168467,9.37875,0.41875,2.91300251256281,0.1570365,34.55,0.154861111111111,1.65278,11.93465,0.663542620071984,1,0.0514630264342042,3.08423062430237,0.0934122074260372,0.496750896411424,0.724410589583308,0.928029849765905,0.386186139504299,0.0788023383366496,9.38008579382233,5.87136249964344,66.0198652975286,0.0532752351810589,8.68241412708561,0.126022712861098,1.10464976241098,0.0369621443124852,22.4070254225114,0.0471907474907487,0.420663197125605,9.91130197291599,0.415099325783187,0.0760079503519,46.3489146663716,10.5011706331334,184.507759688706,0.843299999999999,7.02749999999999
6,SA,100,0,0.489415883570371,3.94418598402665,4.64235150199378,5.19760658095589,0.0674056902674009,0.00657727631074845,0.0159582170284738,0.00657727631074845,0.113343416142512,0.0685203081287785,0.0159582170284738,0.0685203081287785,0.0495362723034005,1.00000224237441,1.28294659246155e-12,0.0362,0,0.0692,0.01,0.203136,0.0997904,0.023302,0.0063786,0,0.235996,3.8,0.00673868,0.37515,0.0888888888888889,0,0.00628146,1.382,0,0.0661112,0.477386,0.345761666483293,0,1.44,12.1,0.4995,2.19,5.0784,2.49476,0.58255,0.159465,21.0035842293907,5.8999,95,0.168467,9.37875,0.41875,2.91300251256281,0.1570365,34.55,0.154861111111111,1.65278,11.93465,0.663542620071984,1,0.120218614226626,1.4937841165407,0.384168007125388,1.05740086606745,0.691280819535531,0.559401547910582,0.118501554532026,0.079181566911571,16.871096651093,1.8450362718677,14.2804371802443,0.0288698850067766,4.0999743477958,0.219629279547245,0.659355712957109,0.0830319776100402,1.55237682417359,0.0550048624329862,0.379784769105092,1.37265066201622,0.629782349926753,0.46427221519211,11.8555503625511,83.3159719680876,191.310553788962,0.843299999999999,7.02749999999999
6,SA,100,0,0.489415883570371,3.94418598402665,4.64235150199378,5.19760658095589,0.0674056902674009,0.00657727631074845,0.0159582170284738,0.00657727631074845,0.113343416142512,0.0685203081287785,0.0159582170284738,0.0685203081287785,0.0495362723034005,1.00000224237441,2.39159670364714e-18,0.0362,0,0.0692,0.01,0.203136,0.0997904,0.023302,0.0063786,0,0.235996,3.8,0.00673868,0.37515,0.0888888888888889,0,0.00628146,1.382,0,0.0661112,0.477386,0.345761666483293,0,1.44,12.1,0.4995,2.19,5.0784,2.49476,0.58255,0.159465,21.0035842293907,5.8999,95,0.168467,9.37875,0.41875,2.91300251256281,0.1570365,34.55,0.154861111111111,1.65278,11.93465,0.663542620071984,1,0.16402120366712,2.0672303567985,0.0963589044851637,0.121832941837359,1.52545998995804,1.3939151730756,0.0866079960956613,0.0321617106406522,0.681553699441614,2.75537136506226,8.53768333626628,0.0532645643123016,7.59974992917154,0.168488519762985,2.09629597079098,0.0552031960681153,11.3369444570898,0.0237152102416645,0.634541791804295,11.8881053367177,0.403081211465135,0.242433853347597,24.3773324519312,25.026768672257,127.608660612912,0.843299999999999,7.02749999999999
6,SA,100,0,0.489415883570371,3.94418598402665,4.64235150199378,5.19760658095589,0.0674056902674009,0.00657727631074845,0.0159582170284738,0.00657727631074845,0.113343416142512,0.0685203081287785,0.0159582170284738,0.0685203081287785,0.0495362723034005,1.00000224237441,2.95910845384415e-12,0.0362,0,0.0692,0.01,0.203136,0.0997904,0.023302,0.0063786,0,0.235996,3.8,0.00673868,0.37515,0.0888888888888889,0,0.00628146,1.382,0,0.0661112,0.477386,0.345761666483293,0,1.44,12.1,0.4995,2.19,5.0784,2.49476,0.58255,0.159465,21.0035842293907,5.8999,95,0.168467,9.37875,0.41875,2.91300251256281,0.1570365,34.55,0.154861111111111,1.65278,11.93465,0.663542620071984,1,0.216356030385941,2.98235801874082,0.0974907616848051,0.681859026505586,1.88853675409113,2.06887370445783,0.154028763354182,0.136203883563103,17.5716977606444,3.21397413630651,30.4411682964782,0.0209034215644807,7.16052928420613,0.292674185283175,1.72035086725175,0.0239394911299064,26.5810735026188,0.0518712024978647,0.945190766371544,1.36342423778754,0.370875156647637,0.362528499320927,82.3214705066534,53.3710258760515,229.540312545345,0.843299999999999,7.02749999999999
6,SA,100,1,0.489415883570371,3.94418598402665,4.64235150199378,5.19760658095589,0.0674056902674009,0.00657727631074845,0.0159582170284738,0.00657727631074845,0.113343416142512,0.0685203081287785,0.0159582170284738,0.0685203081287785,0.0495362723034005,1.00000224237441,1.06494092394465,0.0362,0,0.0692,0.01,0.203136,0.0997904,0.023302,0.0063786,0,0.235996,3.8,0.00673868,0.37515,0.0888888888888889,0,0.00628146,1.382,0,0.0661112,0.477386,0.345761666483293,0,1.44,12.1,0.4995,2.19,5.0784,2.49476,0.58255,0.159465,21.0035842293907,5.8999,95,0.168467,9.37875,0.41875,2.91300251256281,0.1570365,34.55,0.154861111111111,1.65278,11.93465,0.663542620071984,1,0.950736070326265,9.13989496557957,0.154195972208677,0.631993111242314,1.83902075804153,1.60510056939808,0.166383914925658,0.0474167170516252,2.5129920504393,4.27076840588805,8.28683190947714,0.0974923589551522,3.58435936040604,0.392208117350828,2.66676426629163,0.0666585507095123,7.05078271302824,0.0353572042235291,0.877955254457725,3.45077002539031,0.374195625692109,0.998549352768821,35.1168645000455,132.710548358806,168.020208727169,0.843299999999999,7.02749999999999
6,SA,100,0,0.489415883570371,3.94418598402665,4.64235150199378,5.19760658095589,0.0674056902674009,0.00657727631074845,0.0159582170284738,0.00657727631074845,0.113343416142512,0.0685203081287785,0.0159582170284738,0.0685203081287785,0.0495362723034005,1.00000224237441,9.63867673743301e-46,0.0362,0,0.0692,0.01,0.203136,0.0997904,0.023302,0.0063786,0,0.235996,3.8,0.00673868,0.37515,0.0888888888888889,0,0.00628146,1.382,0,0.0661112,0.477386,0.345761666483293,0,1.44,12.1,0.4995,2.19,5.0784,2.49476,0.58255,0.159465,21.0035842293907,5.8999,95,0.168467,9.37875,0.41875,2.91300251256281,0.1570365,34.55,0.154861111111111,1.65278,11.93465,0.663542620071984,1,0.725330427082971,0.726522691511156,0.196885472329943,0.052100748208845,0.581101282764053,1.23527845004445,0.204931523839698,0.130189621945126,2.17617944300059,5.5110664860051,18.3146933363938,0.049033458343618,7.46939742772437,0.139339997476786,0.182644637610056,0.0121988330891133,19.318726362149,0.012327703356265,0.745453114646903,7.98509394305513,0.638291373739952,0.165374564204245,40.0906286346495,50.6824382678425,346.561206572181,0.843299999999999,7.02749999999999
6,SA,100,0,0.489415883570371,3.94418598402665,4.64235150199378,5.19760658095589,0.0674056902674009,0.00657727631074845,0.0159582170284738,0.00657727631074845,0.113343416142512,0.0685203081287785,0.0159582170284738,0.0685203081287785,0.0495362723034005,1.00000224237441,9.03933768148149e-85,0.0362,0,0.0692,0.01,0.203136,0.0997904,0.023302,0.0063786,0,0.235996,3.8,0.00673868,0.37515,0.0888888888888889,0,0.00628146,1.382,0,0.0661112,0.477386,0.345761666483293,0,1.44,12.1,0.4995,2.19,5.0784,2.49476,0.58255,0.159465,21.0035842293907,5.8999,95,0.168467,9.37875,0.41875,2.91300251256281,0.1570365,34.55,0.154861111111111,1.65278,11.93465,0.663542620071984,1,0.81869305094472,3.3480922235964,0.244573554629848,1.46978527522773,2.66727397656583,1.90495776677384,0.11920232193133,0.141014166831316,9.56014577903791,5.72336125879421,16.0455646152,0.0198348088539912,3.85239212815992,0.322691990703194,2.15584583496797,0.0261100413145215,21.4688729841709,0.128716489754915,1.35162402454818,2.33178565174542,0.64637131631248,0.0746839855724644,57.0130081903575,11.3609303736794,209.133041509363,0.843299999999999,7.02749999999999
6,SA,100,0,0.489415883570371,3.94418598402665,4.64235150199378,5.19760658095589,0.0674056902674009,0.00657727631074845,0.0159582170284738,0.00657727631074845,0.113343416142512,0.0685203081287785,0.0159582170284738,0.0685203081287785,0.0495362723034005,1.00000224237441,1.04748146616875e-117,0.0362,0,0.0692,0.01,0.203136,0.0997904,0.023302,0.0063786,0,0.235996,3.8,0.00673868,0.37515,0.0888888888888889,0,0.00628146,1.382,0,0.0661112,0.477386,0.345761666483293,0,1.44,12.1,0.4995,2.19,5.0784,2.49476,0.58255,0.159465,21.0035842293907,5.8999,95,0.168467,9.37875,0.41875,2.91300251256281,0.1570365,34.55,0.154861111111111,1.65278,11.93465,0.663542620071984,1,1.02745659192084,2.32622638101027,0.297864114047657,1.80768942792156,0.754734443664198,0.998524077319549,0.373796280282036,0.0702736073196796,6.47670651961003,1.06479223199333,17.7556584164936,0.0751996836984096,7.79972267527314,0.106700731102147,2.91225319807905,0.0170710836651918,11.5664863285753,0.0520199915326341,0.454194018530349,9.38408974551066,0.455552625331255,0.0487409278553351,44.2163138097968,8.81553114127423,225.081379970192,0.843299999999999,7.02749999999999
6,SA,100,0,0.489415883570371,3.94418598402665,4.64235150199378,5.19760658095589,0.0674056902674009,0.00657727631074845,0.0159582170284738,0.00657727631074845,0.113343416142512,0.0685203081287785,0.0159582170284738,0.0685203081287785,0.0495362723034005,1.00000224237441,7.19770363778582e-118,0.0362,0,0.0692,0.01,0.203136,0.0997904,0.023302,0.0063786,0,0.235996,3.8,0.00673868,0.37515,0.0888888888888889,0,0.00628146,1.382,0,0.0661112,0.477386,0.345761666483293,0,1.44,12.1,0.4995,2.19,5.0784,2.49476,0.58255,0.159465,21.0035842293907,5.8999,95,0.168467,9.37875,0.41875,2.91300251256281,0.1570365,34.55,0.154861111111111,1.65278,11.93465,0.663542620071984,1,0.134903824499121,1.85085801735365,0.402218624644202,1.37787441548456,1.71269290074277,1.53201759046043,0.395172367635689,0.086986294742088,17.0086332298309,1.55852350931637,54.1092472618209,0.0398276653388608,7.05704427281455,0.15739638429683,0.431280398436342,0.0956029957206662,22.9103626262518,0.113698339488859,0.774008726177276,10.2306802907261,0.44957335964401,0.0545410880382821,93.2117767321413,8.96455821678003,257.575168428469,0.843299999999999,7.02749999999999
6,SA,100,1,0.489415883570371,3.94418598402665,4.64235150199378,5.19760658095589,0.0674056902674009,0.00657727631074845,0.0159582170284738,0.00657727631074845,0.113343416142512,0.0685203081287785,0.0159582170284738,0.0685203081287785,0.0495362723034005,1.00000224237441,1.81206712150604,0.0362,0,0.0692,0.01,0.203136,0.0997904,0.023302,0.0063786,0,0.235996,3.8,0.00673868,0.37515,0.0888888888888889,0,0.00628146,1.382,0,0.0661112,0.477386,0.345761666483293,0,1.44,12.1,0.4995,2.19,5.0784,2.49476,0.58255,0.159465,21.0035842293907,5.8999,95,0.168467,9.37875,0.41875,2.91300251256281,0.1570365,34.55,0.154861111111111,1.65278,11.93465,0.663542620071984,1,0.333777547345295,1.94113399191628,0.243660864984843,1.74002439333807,2.53883416387983,1.45277593994094,0.166099585259641,0.0132843238627292,18.674019790437,2.38979577178807,35.4392371361352,0.0278116484306268,0.428669814107139,0.108672999226536,2.87689793504522,0.148072888978099,17.3407810736599,0.0203525065830471,1.16363681367544,2.11162450269034,0.345989615573002,0.99942565443187,88.5243530871931,105.033073985056,193.617787020268,0.843299999999999,7.02749999999999
6,SA,100,0,0.489415883570371,3.94418598402665,4.64235150199378,5.19760658095589,0.0674056902674009,0.00657727631074845,0.0159582170284738,0.00657727631074845,0.113343416142512,0.0685203081287785,0.0159582170284738,0.0685203081287785,0.0495362723034005,1.00000224237441,2.5643101975993e-21,0.0362,0,0.0692,0.01,0.203136,0.0997904,0.023302,0.0063786,0,0.235996,3.8,0.00673868,0.37515,0.0888888888888889,0,0.00628146,1.382,0,0.0661112,0.477386,0.345761666483293,0,1.44,12.1,0.4995,2.19,5.0784,2.49476,0.58255,0.159465,21.0035842293907,5.8999,95,0.168467,9.37875,0.41875,2.91300251256281,0.1570365,34.55,0.154861111111111,1.65278,11.93465,0.663542620071984,1,0.151410606762438,10.9164581589738,0.143684283762007,2.15615748224419,1.82120534570173,2.1408908117617,0.560695244752206,0.117950649278257,16.5173215388551,2.30490281037376,34.6067446184357,0.16756832290996,1.96383644382689,0.196327548381887,2.80283969928606,0.121027502830162,19.469531759218,0.0391096282509911,1.11606637782076,3.62708647139959,0.384204438903221,0.292262897156447,103.050373906617,50.8971322081138,277.198829640527,0.843299999999999,7.02749999999999
6,SA,100,0,0.489415883570371,3.94418598402665,4.64235150199378,5.19760658095589,0.0674056902674009,0.00657727631074845,0.0159582170284738,0.00657727631074845,0.113343416142512,0.0685203081287785,0.0159582170284738,0.0685203081287785,0.0495362723034005,1.00000224237441,1.56623356977928e-156,0.0362,0,0.0692,0.01,0.203136,0.0997904,0.023302,0.0063786,0,0.235996,3.8,0.00673868,0.37515,0.0888888888888889,0,0.00628146,1.382,0,0.0661112,0.477386,0.345761666483293,0,1.44,12.1,0.4995,2.19,5.0784,2.49476,0.58255,0.159465,21.0035842293907,5.8999,95,0.168467,9.37875,0.41875,2.91300251256281,0.1570365,34.55,0.154861111111111,1.65278,11.93465,0.663542620071984,1,0.0973891308604056,0.0011295008192979,0.486154541910596,0.307673914109384,1.58331824684923,1.8590527991095,0.34573407753382,0.117551534937314,10.5911723639743,0.873877834361035,6.91240444737683,0.00820854682491892,3.55622561073989,0.125731971080779,0.601802872791996,0.156058306036293,18.5248810666652,0.00997688772079302,1.49951191986592,3.03588468690134,0.358144809472095,0.036415518860381,104.616463489512,8.79839828727281,346.227693059145,0.843299999999999,7.02749999999999
6,SA,100,0,0.489415883570371,3.94418598402665,4.64235150199378,5.19760658095589,0.0674056902674009,0.00657727631074845,0.0159582170284738,0.00657727631074845,0.113343416142512,0.0685203081287785,0.0159582170284738,0.0685203081287785,0.0495362723034005,1.00000224237441,5.27469409802542e-143,0.0362,0,0.0692,0.01,0.203136,0.0997904,0.023302,0.0063786,0,0.235996,3.8,0.00673868,0.37515,0.0888888888888889,0,0.00628146,1.382,0,0.0661112,0.477386,0.345761666483293,0,1.44,12.1,0.4995,2.19,5.0784,2.49476,0.58255,0.159465,21.0035842293907,5.8999,95,0.168467,9.37875,0.41875,2.91300251256281,0.1570365,34.55,0.154861111111111,1.65278,11.93465,0.663542620071984,1,0.298919617728936,9.642232443888,0.257276433809563,0.104055476122886,0.278412018365018,0.505870245151157,0.258954100961248,0.0790977385102923,14.0960150921365,5.84015191175597,7.09926891211442,0.106425608354388,9.25232732863056,0.172335839509963,1.0166440032287,0.113921892694861,18.2985110536824,0.0157583359350786,0.377491561793936,1.29566732448174,0.556231094760094,0.0440968384113128,34.8081041686737,14.5417339393581,364.57627946778,0.843299999999999,7.02749999999999
6,SA,100,0,0.489415883570371,3.94418598402665,4.64235150199378,5.19760658095589,0.0674056902674009,0.00657727631074845,0.0159582170284738,0.00657727631074845,0.113343416142512,0.0685203081287785,0.0159582170284738,0.0685203081287785,0.0495362723034005,1.00000224237441,2.19367768601681e-90,0.0362,0,0.0692,0.01,0.203136,0.0997904,0.023302,0.0063786,0,0.235996,3.8,0.00673868,0.37515,0.0888888888888889,0,0.00628146,1.382,0,0.0661112,0.477386,0.345761666483293,0,1.44,12.1,0.4995,2.19,5.0784,2.49476,0.58255,0.159465,21.0035842293907,5.8999,95,0.168467,9.37875,0.41875,2.91300251256281,0.1570365,34.55,0.154861111111111,1.65278,11.93465,0.663542620071984,1,1.31030074478639,8.37867765883394,0.182436318250656,2.1769645830723,0.568156293223358,0.551638755353754,0.145599690950799,0.0164982069648679,2.47930013057438,2.85233986724692,5.27698682848883,0.116227924808155,7.68619169641341,0.123419567023618,2.9129973743018,0.00630293406739746,10.3453512683984,0.0649746880043597,0.395810814943405,1.91934540042187,0.458232614427267,0.0678301978455474,24.1568488855367,10.5260532736884,179.339254481002,0.843299999999999,7.02749999999999
6,SA,100,0,0.489415883570371,3.94418598402665,4.64235150199378,5.19760658095589,0.0674056902674009,0.00657727631074845,0.0159582170284738,0.00657727631074845,0.113343416142512,0.0685203081287785,0.0159582170284738,0.0685203081287785,0.0495362723034005,1.00000224237441,7.9129296238398e-40,0.0362,0,0.0692,0.01,0.203136,0.0997904,0.023302,0.0063786,0,0.235996,3.8,0.00673868,0.37515,0.0888888888888889,0,0.00628146,1.382,0,0.0661112,0.477386,0.345761666483293,0,1.44,12.1,0.4995,2.19,5.0784,2.49476,0.58255,0.159465,21.0035842293907,5.8999,95,0.168467,9.37875,0.41875,2.91300251256281,0.1570365,34.55,0.154861111111111,1.65278,11.93465,0.663542620071984,1,0.984136611190125,5.28028402723096,0.092251795625487,1.65367397482047,2.84646157593554,2.03570992137656,0.582283884226607,0.10563818140761,20.9923214484567,1.92654114062206,88.4895192887602,0.147361051933353,1.99382877618604,0.203478371034854,0.28732747745093,0.119501202458264,8.72870294359472,0.0841608358415101,1.52080537124091,2.80899877936928,0.663322708576116,0.152570865531892,48.4348139060003,20.4285835123756,182.330518312982,0.843299999999999,7.02749999999999
6,SA,100,1,0.489415883570371,3.94418598402665,4.64235150199378,5.19760658095589,0.0674056902674009,0.00657727631074845,0.0159582170284738,0.00657727631074845,0.113343416142512,0.0685203081287785,0.0159582170284738,0.0685203081287785,0.0495362723034005,1.00000224237441,3.32072581254567,0.0362,0,0.0692,0.01,0.203136,0.0997904,0.023302,0.0063786,0,0.235996,3.8,0.00673868,0.37515,0.0888888888888889,0,0.00628146,1.382,0,0.0661112,0.477386,0.345761666483293,0,1.44,12.1,0.4995,2.19,5.0784,2.49476,0.58255,0.159465,21.0035842293907,5.8999,95,0.168467,9.37875,0.41875,2.91300251256281,0.1570365,34.55,0.154861111111111,1.65278,11.93465,0.663542620071984,1,0.35352595068527,3.7482270953768,0.110481563138551,1.1815022245017,0.691498492033334,0.522227826651468,0.209420516288428,0.096744324386991,2.02291199365767,3.11582337816239,40.5162957218214,0.124091874121409,4.09583621863321,0.153891140330448,0.0520834807985542,0.0326607750912058,9.51213383175156,0.133936183440361,0.449419377625024,1.92951482433003,0.35239116487905,0.929279634896774,40.0600477211405,151.894899385385,203.514506079369,0.843299999999999,7.02749999999999
6,SA,100,0,0.489415883570371,3.94418598402665,4.64235150199378,5.19760658095589,0.0674056902674009,0.00657727631074845,0.0159582170284738,0.00657727631074845,0.113343416142512,0.0685203081287785,0.0159582170284738,0.0685203081287785,0.0495362723034005,1.00000224237441,3.14641133728196e-09,0.0362,0,0.0692,0.01,0.203136,0.0997904,0.023302,0.0063786,0,0.235996,3.8,0.00673868,0.37515,0.0888888888888889,0,0.00628146,1.382,0,0.0661112,0.477386,0.345761666483293,0,1.44,12.1,0.4995,2.19,5.0784,2.49476,0.58255,0.159465,21.0035842293907,5.8999,95,0.168467,9.37875,0.41875,2.91300251256281,0.1570365,34.55,0.154861111111111,1.65278,11.93465,0.663542620071984,1,0.0370628377729445,10.4098183592837,0.0941650107978739,1.20434587016485,1.10902799699472,1.37790821885563,0.551780253181168,0.0955348360262408,6.34665672371227,4.57237383114555,74.2972541559195,0.130799660990525,8.98989484417977,0.298560103917504,0.14949630796196,0.112391292269409,20.5257782265409,0.123701013641096,1.01921634803625,7.13895410488935,0.39883959156092,0.370182137672424,50.3482778656681,65.2652307346872,226.654004406263,0.843299999999999,7.02749999999999
6,SA,100,0,0.489415883570371,3.94418598402665,4.64235150199378,5.19760658095589,0.0674056902674009,0.00657727631074845,0.0159582170284738,0.00657727631074845,0.113343416142512,0.0685203081287785,0.0159582170284738,0.0685203081287785,0.0495362723034005,1.00000224237441,3.53903442700242e-157,0.0362,0,0.0692,0.01,0.203136,0.0997904,0.023302,0.0063786,0,0.235996,3.8,0.00673868,0.37515,0.0888888888888889,0,0.00628146,1.382,0,0.0661112,0.477386,0.345761666483293,0,1.44,12.1,0.4995,2.19,5.0784,2.49476,0.58255,0.159465,21.0035842293907,5.8999,95,0.168467,9.37875,0.41875,2.91300251256281,0.1570365,34.55,0.154861111111111,1.65278,11.93465,0.663542620071984,1,0.102774301636786,6.55423591946768,0.099112759473775,0.565229831918442,1.28379855031596,1.15875806696252,0.317176493170773,0.114058974002777,15.1452563854421,1.55144760411968,50.7424887601262,0.12777693610868,6.11534716810545,0.112656686384417,1.55847896924194,0.063468781659178,1.86540270428666,0.0529754755724232,0.830604088416984,1.77196247248795,0.492503593313284,0.0306054445911766,23.1382966933067,4.64912298107654,175.043392115997,0.843299999999999,7.02749999999999
6,SA,100,0,0.489415883570371,3.94418598402665,4.64235150199378,5.19760658095589,0.0674056902674009,0.00657727631074845,0.0159582170284738,0.00657727631074845,0.113343416142512,0.0685203081287785,0.0159582170284738,0.0685203081287785,0.0495362723034005,1.00000224237441,6.9114583959474e-35,0.0362,0,0.0692,0.01,0.203136,0.0997904,0.023302,0.0063786,0,0.235996,3.8,0.00673868,0.37515,0.0888888888888889,0,0.00628146,1.382,0,0.0661112,0.477386,0.345761666483293,0,1.44,12.1,0.4995,2.19,5.0784,2.49476,0.58255,0.159465,21.0035842293907,5.8999,95,0.168467,9.37875,0.41875,2.91300251256281,0.1570365,34.55,0.154861111111111,1.65278,11.93465,0.663542620071984,1,0.380146405645823,2.05333490942866,0.440192754266423,0.414954006212664,2.12748738731847,1.26905138890043,0.568207091696038,0.123955752978239,11.9516309676538,0.515533423053091,28.2111976058926,0.109567595822947,0.704230353041134,0.18658098113696,1.0301885617158,0.0257042286696054,1.39170378105167,0.000941090889211494,0.756361381519758,3.65064989117799,0.569592271019692,0.160595865727147,37.3251498739578,13.067532137648,118.694194328998,0.843299999999999,7.02749999999999
6,SA,100,0,0.489415883570371,3.94418598402665,4.64235150199378,5.19760658095589,0.0674056902674009,0.00657727631074845,0.0159582170284738,0.00657727631074845,0.113343416142512,0.0685203081287785,0.0159582170284738,0.0685203081287785,0.0495362723034005,1.00000224237441,5.10385897974361e-16,0.0362,0,0.0692,0.01,0.203136,0.0997904,0.023302,0.0063786,0,0.235996,3.8,0.00673868,0.37515,0.0888888888888889,0,0.00628146,1.382,0,0.0661112,0.477386,0.345761666483293,0,1.44,12.1,0.4995,2.19,5.0784,2.49476,0.58255,0.159465,21.0035842293907,5.8999,95,0.168467,9.37875,0.41875,2.91300251256281,0.1570365,34.55,0.154861111111111,1.65278,11.93465,0.663542620071984,1,0.868425061879571,3.21045845627712,0.151725352802187,0.490760624418615,4.00215901272466,0.690702461531393,0.476629328060937,0.0417027709532626,9.545521746327,3.56056935395116,17.7485209978147,0.0155497087429514,1.45977330735572,0.196364398454453,0.830221104998572,0.0830895596446004,10.5040083858941,0.151752633066279,0.280849405423912,1.92171308024063,0.368256753980076,0.501801203847345,60.071893447535,12.3430653224553,84.6694137958724,0.843299999999999,7.02749999999999
6,SA,100,0,0.489415883570371,3.94418598402665,4.64235150199378,5.19760658095589,0.0674056902674009,0.00657727631074845,0.0159582170284738,0.00657727631074845,0.113343416142512,0.0685203081287785,0.0159582170284738,0.0685203081287785,0.0495362723034005,1.00000224237441,8.04632808031482e-96,0.0362,0,0.0692,0.01,0.203136,0.0997904,0.023302,0.0063786,0,0.235996,3.8,0.00673868,0.37515,0.0888888888888889,0,0.00628146,1.382,0,0.0661112,0.477386,0.345761666483293,0,1.44,12.1,0.4995,2.19,5.0784,2.49476,0.58255,0.159465,21.0035842293907,5.8999,95,0.168467,9.37875,0.41875,2.91300251256281,0.1570365,34.55,0.154861111111111,1.65278,11.93465,0.663542620071984,1,0.499938040591332,3.97344534246518,0.370985885471429,0.375387847259593,1.30293826591531,1.12891845048916,0.120275642779105,0.0807752055955987,2.57722253336502,2.75877625453806,21.7323430004902,0.16662160666879,3.48437516069891,0.144200386360521,0.743028241489801,0.156353633578738,13.4259204309642,0.00414705263387872,0.987352234526687,0.576525618407389,0.570049054369816,0.0650200662426121,52.3693509626034,11.7842969956543,233.610276674414,0.843299999999999,7.02749999999999
6,SA,100,1,0.489415883570371,3.94418598402665,4.64235150199378,5.19760658095589,0.0674056902674009,0.00657727631074845,0.0159582170284738,0.00657727631074845,0.113343416142512,0.0685203081287785,0.0159582170284738,0.0685203081287785,0.0495362723034005,1.00000224237441,4.62569161642593,0.0362,0,0.0692,0.01,0.203136,0.0997904,0.023302,0.0063786,0,0.235996,3.8,0.00673868,0.37515,0.0888888888888889,0,0.00628146,1.382,0,0.0661112,0.477386,0.345761666483293,0,1.44,12.1,0.4995,2.19,5.0784,2.49476,0.58255,0.159465,21.0035842293907,5.8999,95,0.168467,9.37875,0.41875,2.91300251256281,0.1570365,34.55,0.154861111111111,1.65278,11.93465,0.663542620071984,1,1.41386966482879,4.13578488084391,0.458873765066761,0.980516857000902,1.06787892647736,1.07222467547439,0.463117593852327,0.117153157540746,10.6220961150916,2.62699374591829,21.0807926462789,0.135426261217758,0.528058013752208,0.132877633117455,0.94332745762352,0.144619716065322,9.27231909624309,0.0570012795666467,0.5936505357992,3.23734477772467,0.626417378154264,0.718643908191366,51.4425100978655,123.651626758061,223.504953470215,0.843299999999999,7.02749999999999
6,SA,100,0,0.489415883570371,3.94418598402665,4.64235150199378,5.19760658095589,0.0674056902674009,0.00657727631074845,0.0159582170284738,0.00657727631074845,0.113343416142512,0.0685203081287785,0.0159582170284738,0.0685203081287785,0.0495362723034005,1.00000224237441,3.67324583648227e-12,0.0362,0,0.0692,0.01,0.203136,0.0997904,0.023302,0.0063786,0,0.235996,3.8,0.00673868,0.37515,0.0888888888888889,0,0.00628146,1.382,0,0.0661112,0.477386,0.345761666483293,0,1.44,12.1,0.4995,2.19,5.0784,2.49476,0.58255,0.159465,21.0035842293907,5.8999,95,0.168467,9.37875,0.41875,2.91300251256281,0.1570365,34.55,0.154861111111111,1.65278,11.93465,0.663542620071984,1,0.967582528507432,5.16345476241069,0.353376202112844,0.23219267796483,1.47359589441132,0.742731920292829,0.0499349142161008,0.0828006938991728,15.2013546499264,5.89550053921655,21.4857181049042,0.155509621870771,1.87416824823751,0.279384072584149,1.22940499649513,0.0262992285539788,9.85850200109819,0.000136845659058687,0.337312442735009,0.623735713770769,0.3845008502236,0.299960907014356,31.6236951029189,21.5623696017382,103.507627633854,0.843299999999999,7.02749999999999
6,SA,100,0,0.489415883570371,3.94418598402665,4.64235150199378,5.19760658095589,0.0674056902674009,0.00657727631074845,0.0159582170284738,0.00657727631074845,0.113343416142512,0.0685203081287785,0.0159582170284738,0.0685203081287785,0.0495362723034005,1.00000224237441,0.00618519777261094,0.0362,0,0.0692,0.01,0.203136,0.0997904,0.023302,0.0063786,0,0.235996,3.8,0.00673868,0.37515,0.0888888888888889,0,0.00628146,1.382,0,0.0661112,0.477386,0.345761666483293,0,1.44,12.1,0.4995,2.19,5.0784,2.49476,0.58255,0.159465,21.0035842293907,5.8999,95,0.168467,9.37875,0.41875,2.91300251256281,0.1570365,34.55,0.154861111111111,1.65278,11.93465,0.663542620071984,1,0.207141887694722,11.4888303506285,0.403795989163057,0.825573175820729,1.44503811758859,2.04240774955776,0.363173828320475,0.0470578741770368,8.12791493375581,2.18099969084878,32.2538339822359,0.105512623881618,3.57644242927512,0.18647315291386,0.253428103243985,0.0603669785027196,8.73605139175794,0.0695369806536554,1.11355906190268,7.95863478792114,0.572357349310959,0.543159277034514,42.1719807459584,112.811951968886,249.867875373415,0.843299999999999,7.02749999999999
6,SA,100,0,0.489415883570371,3.94418598402665,4.64235150199378,5.19760658095589,0.0674056902674009,0.00657727631074845,0.0159582170284738,0.00657727631074845,0.113343416142512,0.0685203081287785,0.0159582170284738,0.0685203081287785,0.0495362723034005,1.00000224237441,2.80313137988808e-22,0.0362,0,0.0692,0.01,0.203136,0.0997904,0.023302,0.0063786,0,0.235996,3.8,0.00673868,0.37515,0.0888888888888889,0,0.00628146,1.382,0,0.0661112,0.477386,0.345761666483293,0,1.44,12.1,0.4995,2.19,5.0784,2.49476,0.58255,0.159465,21.0035842293907,5.8999,95,0.168467,9.37875,0.41875,2.91300251256281,0.1570365,34.55,0.154861111111111,1.65278,11.93465,0.663542620071984,1,1.03797947910346,3.8213165192638,0.162931917924302,0.632618666160974,3.7956971195916,1.89378406589239,0.163698432343382,0.0388084582777377,9.56245944475964,4.29876716832643,11.1359636277678,0.023547974398108,2.26210083118005,0.207034738214412,2.13324730158951,0.0351362694656027,25.4999114997913,0.154861092237903,0.81263171610113,4.47461421145143,0.650434546186592,0.312597173321254,90.7346396906932,23.3257435288091,165.353815804731,0.843299999999999,7.02749999999999
6,SA,100,0,0.489415883570371,3.94418598402665,4.64235150199378,5.19760658095589,0.0674056902674009,0.00657727631074845,0.0159582170284738,0.00657727631074845,0.113343416142512,0.0685203081287785,0.0159582170284738,0.0685203081287785,0.0495362723034005,1.00000224237441,9.77864209876956e-49,0.0362,0,0.0692,0.01,0.203136,0.0997904,0.023302,0.0063786,0,0.235996,3.8,0.00673868,0.37515,0.0888888888888889,0,0.00628146,1.382,0,0.0661112,0.477386,0.345761666483293,0,1.44,12.1,0.4995,2.19,5.0784,2.49476,0.58255,0.159465,21.0035842293907,5.8999,95,0.168467,9.37875,0.41875,2.91300251256281,0.1570365,34.55,0.154861111111111,1.65278,11.93465,0.663542620071984,1,0.170148245172874,4.78626654564964,0.446249891071987,1.91437497153685,1.42146738780173,0.124619104645077,0.345708606688869,0.00827331728461238,19.7183755127296,4.9059013160056,19.7626402455406,0.0549095091738329,1.61762127775973,0.306061451252023,0.713425667687778,0.120400130671316,24.335877532448,0.0687358557816192,0.116003423390946,9.58762936724018,0.395947231757046,0.148215393407139,72.5728313191114,12.5729655946532,157.401844727429,0.843299999999999,7.02749999999999
6,SA,100,0,0.489415883570371,3.94418598402665,4.64235150199378,5.19760658095589,0.0674056902674009,0.00657727631074845,0.0159582170284738,0.00657727631074845,0.113343416142512,0.0685203081287785,0.0159582170284738,0.0685203081287785,0.0495362723034005,1.00000224237441,1.7338780386743e-39,0.0362,0,0.0692,0.01,0.203136,0.0997904,0.023302,0.0063786,0,0.235996,3.8,0.00673868,0.37515,0.0888888888888889,0,0.00628146,1.382,0,0.0661112,0.477386,0.345761666483293,0,1.44,12.1,0.4995,2.19,5.0784,2.49476,0.58255,0.159465,21.0035842293907,5.8999,95,0.168467,9.37875,0.41875,2.91300251256281,0.1570365,34.55,0.154861111111111,1.65278,11.93465,0.663542620071984,1,0.643637017571902,3.53975292356563,0.200898480532757,0.426363391639939,0.97608612348499,0.661994515713487,0.466594204507157,0.0437527103639016,0.926925710347132,4.60508911186929,82.6431157338159,0.107546826862753,2.84332159829085,0.119436206260601,0.273407029034299,0.138786763103868,6.89757485180595,0.00548416297458407,0.350462556998587,2.11474123431427,0.363427299904669,0.14591359562511,38.1347960828767,11.7009899723709,118.326021048875,0.843299999999999,7.02749999999999
6,SA,100,0,0.489415883570371,3.94418598402665,4.64235150199378,5.19760658095589,0.0674056902674009,0.00657727631074845,0.0159582170284738,0.00657727631074845,0.113343416142512,0.0685203081287785,0.0159582170284738,0.0685203081287785,0.0495362723034005,1.00000224237441,9.50515699706165e-197,0.0362,0,0.0692,0.01,0.203136,0.0997904,0.023302,0.0063786,0,0.235996,3.8,0.00673868,0.37515,0.0888888888888889,0,0.00628146,1.382,0,0.0661112,0.477386,0.345761666483293,0,1.44,12.1,0.4995,2.19,5.0784,2.49476,0.58255,0.159465,21.0035842293907,5.8999,95,0.168467,9.37875,0.41875,2.91300251256281,0.1570365,34.55,0.154861111111111,1.65278,11.93465,0.663542620071984,1,0.995490361952199,2.92344047409079,0.228144436387257,0.938095153291362,1.53034498217311,2.33437340665921,0.0414535372949819,0.0204397056696329,8.53125668820782,2.12653643461441,39.0791499485895,0.0532001767888122,1.32517316868187,0.416410949980278,0.781854631482807,0.0864448819327234,24.2059542728236,0.118097514037689,1.23900676849253,7.81227304023053,0.66322714723893,0.0247679395532144,73.4403888564107,8.56179036736493,419.120753142255,0.843299999999999,7.02749999999999
6,SA,100,0,0.489415883570371,3.94418598402665,4.64235150199378,5.19760658095589,0.0674056902674009,0.00657727631074845,0.0159582170284738,0.00657727631074845,0.113343416142512,0.0685203081287785,0.0159582170284738,0.0685203081287785,0.0495362723034005,1.00000224237441,5.46614152967563e-13,0.0362,0,0.0692,0.01,0.203136,0.0997904,0.023302,0.0063786,0,0.235996,3.8,0.00673868,0.37515,0.0888888888888889,0,0.00628146,1.382,0,0.0661112,0.477386,0.345761666483293,0,1.44,12.1,0.4995,2.19,5.0784,2.49476,0.58255,0.159465,21.0035842293907,5.8999,95,0.168467,9.37875,0.41875,2.91300251256281,0.1570365,34.55,0.154861111111111,1.65278,11.93465,0.663542620071984,1,0.799991093044364,4.81587402699267,0.437836818137462,1.76480883330803,4.04004441634051,1.14799779027456,0.221805104079913,0.124727056641263,8.04326021634866,2.20770308480021,12.7586270248595,0.114924988524661,7.30366800841401,0.315389662356548,2.13711944832823,0.106644682097642,10.0810460384534,0.062318065498723,0.575813209522148,1.58853197606485,0.428404076000679,0.36097146100387,47.2172324060607,16.2643036876228,92.2742672264627,0.843299999999999,7.02749999999999
6,SA,100,0,0.489415883570371,3.94418598402665,4.64235150199378,5.19760658095589,0.0674056902674009,0.00657727631074845,0.0159582170284738,0.00657727631074845,0.113343416142512,0.0685203081287785,0.0159582170284738,0.0685203081287785,0.0495362723034005,1.00000224237441,7.99650821153038e-06,0.0362,0,0.0692,0.01,0.203136,0.0997904,0.023302,0.0063786,0,0.235996,3.8,0.00673868,0.37515,0.0888888888888889,0,0.00628146,1.382,0,0.0661112,0.477386,0.345761666483293,0,1.44,12.1,0.4995,2.19,5.0784,2.49476,0.58255,0.159465,21.0035842293907,5.8999,95,0.168467,9.37875,0.41875,2.91300251256281,0.1570365,34.55,0.154861111111111,1.65278,11.93465,0.663542620071984,1,0.661431278209332,3.31479502260649,0.475621453337365,1.0403742339688,3.025787479206,1.43962678256581,0.348850150988309,0.0784250312857639,16.3477682659325,3.86642051610342,9.86830748721625,0.099570307531652,1.31950541706802,0.0890269950830394,0.783840959747399,0.01403126013166,31.7100418976847,0.115489624311005,1.42160538044587,5.34565421268162,0.662408773107675,0.545831841709148,99.7746540076295,71.6427078680584,231.02882863351,0.843299999999999,7.02749999999999
6,SA,100,0,0.489415883570371,3.94418598402665,4.64235150199378,5.19760658095589,0.0674056902674009,0.00657727631074845,0.0159582170284738,0.00657727631074845,0.113343416142512,0.0685203081287785,0.0159582170284738,0.0685203081287785,0.0495362723034005,1.00000224237441,0.14804750353941,0.0362,0,0.0692,0.01,0.203136,0.0997904,0.023302,0.0063786,0,0.235996,3.8,0.00673868,0.37515,0.0888888888888889,0,0.00628146,1.382,0,0.0661112,0.477386,0.345761666483293,0,1.44,12.1,0.4995,2.19,5.0784,2.49476,0.58255,0.159465,21.0035842293907,5.8999,95,0.168467,9.37875,0.41875,2.91300251256281,0.1570365,34.55,0.154861111111111,1.65278,11.93465,0.663542620071984,1,0.677411491668161,9.44748850821876,0.16292143176946,2.10401536263627,2.32429452636108,0.987681272325688,0.564379920735951,0.0470233714494331,5.64905264907287,3.01151815160109,18.782243836573,0.0796625500962847,5.33554637139885,0.30629780350051,0.98001123201075,0.0393861182746689,5.43508534990628,0.139098840939496,0.712783487781979,1.04510513542423,0.410948424326834,0.881907910117087,32.005461908114,56.9325457397356,96.5615738180038,0.843299999999999,7.02749999999999
6,SA,100,0,0.489415883570371,3.94418598402665,4.64235150199378,5.19760658095589,0.0674056902674009,0.00657727631074845,0.0159582170284738,0.00657727631074845,0.113343416142512,0.0685203081287785,0.0159582170284738,0.0685203081287785,0.0495362723034005,1.00000224237441,0.00696244912095396,0.0362,0,0.0692,0.01,0.203136,0.0997904,0.023302,0.0063786,0,0.235996,3.8,0.00673868,0.37515,0.0888888888888889,0,0.00628146,1.382,0,0.0661112,0.477386,0.345761666483293,0,1.44,12.1,0.4995,2.19,5.0784,2.49476,0.58255,0.159465,21.0035842293907,5.8999,95,0.168467,9.37875,0.41875,2.91300251256281,0.1570365,34.55,0.154861111111111,1.65278,11.93465,0.663542620071984,1,0.0700992711522098,4.19096523271824,0.44002355457001,0.650092070218223,4.98118678018701,2.30612336554886,0.0635591941048486,0.0418586879691172,10.7846156957048,0.814884920292811,54.9035921367707,0.0704872611140398,3.94769262312618,0.254339201354899,2.0684805355069,0.112166165972712,6.04962704037721,0.0442073342323152,1.30934715374558,2.86096486889968,0.621377728137468,0.511623972443078,46.5702447111399,34.3064001741514,113.624178893179,0.843299999999999,7.02749999999999
6,SA,100,1,0.489415883570371,3.94418598402665,4.64235150199378,5.19760658095589,0.0674056902674009,0.00657727631074845,0.0159582170284738,0.00657727631074845,0.113343416142512,0.0685203081287785,0.0159582170284738,0.0685203081287785,0.0495362723034005,1.00000224237441,0.390153141864916,0.0362,0,0.0692,0.01,0.203136,0.0997904,0.023302,0.0063786,0,0.235996,3.8,0.00673868,0.37515,0.0888888888888889,0,0.00628146,1.382,0,0.0661112,0.477386,0.345761666483293,0,1.44,12.1,0.4995,2.19,5.0784,2.49476,0.58255,0.159465,21.0035842293907,5.8999,95,0.168467,9.37875,0.41875,2.91300251256281,0.1570365,34.55,0.154861111111111,1.65278,11.93465,0.663542620071984,1,0.580953867437656,4.75603872248059,0.480463662222646,0.0277206851811705,2.92397683031052,1.90676329457958,0.234692501403454,0.0999401923070619,13.4126923824899,2.57240002057506,88.8369509466437,0.133869294289636,3.41619562487044,0.199200470681455,0.49029480268449,0.119726287954002,13.4975017998851,0.115391018845704,0.722830633251678,3.634928458069,0.348673740373595,0.659835383156092,67.8159686277162,52.2755895535845,147.041167651664,0.843299999999999,7.02749999999999
6,SA,100,0,0.489415883570371,3.94418598402665,4.64235150199378,5.19760658095589,0.0674056902674009,0.00657727631074845,0.0159582170284738,0.00657727631074845,0.113343416142512,0.0685203081287785,0.0159582170284738,0.0685203081287785,0.0495362723034005,1.00000224237441,4.41029366765722e-76,0.0362,0,0.0692,0.01,0.203136,0.0997904,0.023302,0.0063786,0,0.235996,3.8,0.00673868,0.37515,0.0888888888888889,0,0.00628146,1.382,0,0.0661112,0.477386,0.345761666483293,0,1.44,12.1,0.4995,2.19,5.0784,2.49476,0.58255,0.159465,21.0035842293907,5.8999,95,0.168467,9.37875,0.41875,2.91300251256281,0.1570365,34.55,0.154861111111111,1.65278,11.93465,0.663542620071984,1,0.539026415587083,1.73151798757614,0.380548192310682,0.66248324923676,1.42163061933217,1.7187607118021,0.173374302835422,0.118050594250307,10.4637039508308,2.34392141881455,7.25140311002684,0.0610395600332871,6.11786873487331,0.0921398784123037,1.0790376359321,0.0538750929898628,13.5466369469128,0.12211065517812,1.05246106232899,8.60214271101136,0.362129554947621,0.0850580993582887,48.5423409904754,15.4634754537518,230.341318047502,0.843299999999999,7.02749999999999
6,SA,100,0,0.489415883570371,3.94418598402665,4.64235150199378,5.19760658095589,0.0674056902674009,0.00657727631074845,0.0159582170284738,0.00657727631074845,0.113343416142512,0.0685203081287785,0.0159582170284738,0.0685203081287785,0.0495362723034005,1.00000224237441,3.38055578838863e-34,0.0362,0,0.0692,0.01,0.203136,0.0997904,0.023302,0.0063786,0,0.235996,3.8,0.00673868,0.37515,0.0888888888888889,0,0.00628146,1.382,0,0.0661112,0.477386,0.345761666483293,0,1.44,12.1,0.4995,2.19,5.0784,2.49476,0.58255,0.159465,21.0035842293907,5.8999,95,0.168467,9.37875,0.41875,2.91300251256281,0.1570365,34.55,0.154861111111111,1.65278,11.93465,0.663542620071984,1,0.284917840592693,10.4871108578274,0.499399012458933,1.6501541948673,2.18799198344237,1.76034334604784,0.28002055712287,0.0413759703226013,5.5991913187636,5.29440229072009,34.7986052462012,0.152399496796395,4.16782720500553,0.203741971659765,2.77579346481535,0.0561198301627486,21.0152914211013,0.00994425164868464,1.65227441828991,3.26736046890845,0.66348645093566,0.17784546676933,58.0042653064378,27.266562636347,211.320304965253,0.843299999999999,7.02749999999999
6,SA,100,0,0.489415883570371,3.94418598402665,4.64235150199378,5.19760658095589,0.0674056902674009,0.00657727631074845,0.0159582170284738,0.00657727631074845,0.113343416142512,0.0685203081287785,0.0159582170284738,0.0685203081287785,0.0495362723034005,1.00000224237441,5.31811045090569e-12,0.0362,0,0.0692,0.01,0.203136,0.0997904,0.023302,0.0063786,0,0.235996,3.8,0.00673868,0.37515,0.0888888888888889,0,0.00628146,1.382,0,0.0661112,0.477386,0.345761666483293,0,1.44,12.1,0.4995,2.19,5.0784,2.49476,0.58255,0.159465,21.0035842293907,5.8999,95,0.168467,9.37875,0.41875,2.91300251256281,0.1570365,34.55,0.154861111111111,1.65278,11.93465,0.663542620071984,1,0.859974070996151,9.63356764299622,0.351481968119967,0.760124906094939,4.03012722734062,0.749857754390246,0.166845943141397,0.0158713657380994,6.7016716022593,4.15950865915956,50.6982885335158,0.108227503004505,1.53720618740115,0.303170359450958,2.14354442691502,0.00733722223581741,6.93295543019241,0.0770288201377025,0.717516979343642,3.98319734542209,0.482355128215625,0.3367687854004,33.5873255775331,14.7542424742607,77.3985192329033,0.843299999999999,7.02749999999999
6,SA,100,0,0.489415883570371,3.94418598402665,4.64235150199378,5.19760658095589,0.0674056902674009,0.00657727631074845,0.0159582170284738,0.00657727631074845,0.113343416142512,0.0685203081287785,0.0159582170284738,0.0685203081287785,0.0495362723034005,1.00000224237441,7.86324952394751e-106,0.0362,0,0.0692,0.01,0.203136,0.0997904,0.023302,0.0063786,0,0.235996,3.8,0.00673868,0.37515,0.0888888888888889,0,0.00628146,1.382,0,0.0661112,0.477386,0.345761666483293,0,1.44,12.1,0.4995,2.19,5.0784,2.49476,0.58255,0.159465,21.0035842293907,5.8999,95,0.168467,9.37875,0.41875,2.91300251256281,0.1570365,34.55,0.154861111111111,1.65278,11.93465,0.663542620071984,1,1.1642050964704,3.54895019590925,0.465007737564727,0.468960652963967,0.423782626324479,0.597263805549938,0.473284640679734,0.159464817575478,4.97696727602456,2.27871338732763,74.4393472710767,0.0801624029672151,6.85893527990226,0.347166885904469,2.10314857930498,0.00783078119082901,6.70255369674049,0.109937647622729,0.449451584477974,11.5163292934975,0.55709606481303,0.0584880501983,31.3199128444868,11.8459784664213,233.856643446007,0.843299999999999,7.02749999999999
6,SA,100,0,0.489415883570371,3.94418598402665,4.64235150199378,5.19760658095589,0.0674056902674009,0.00657727631074845,0.0159582170284738,0.00657727631074845,0.113343416142512,0.0685203081287785,0.0159582170284738,0.0685203081287785,0.0495362723034005,1.00000224237441,0.000493793761844625,0.0362,0,0.0692,0.01,0.203136,0.0997904,0.023302,0.0063786,0,0.235996,3.8,0.00673868,0.37515,0.0888888888888889,0,0.00628146,1.382,0,0.0661112,0.477386,0.345761666483293,0,1.44,12.1,0.4995,2.19,5.0784,2.49476,0.58255,0.159465,21.0035842293907,5.8999,95,0.168467,9.37875,0.41875,2.91300251256281,0.1570365,34.55,0.154861111111111,1.65278,11.93465,0.663542620071984,1,0.353646756794256,10.3602525269715,0.124723913459136,2.14110157761329,4.39127002901976,2.35002518129252,0.159457265398798,0.00682200440197969,17.413014695616,2.5483418588886,81.4945392843512,0.10514993247757,3.15057844703115,0.364827749663857,1.09855070199025,0.0974231702692271,23.1009454295619,0.123799908415047,1.5137074463744,11.1611239304563,0.409057797298418,0.63637346649652,94.6013758337798,61.1083187349379,190.627250500369,0.843299999999999,7.02749999999999
6,SA,100,0,0.489415883570371,3.94418598402665,4.64235150199378,5.19760658095589,0.0674056902674009,0.00657727631074845,0.0159582170284738,0.00657727631074845,0.113343416142512,0.0685203081287785,0.0159582170284738,0.0685203081287785,0.0495362723034005,1.00000224237441,6.79409527137309e-13,0.0362,0,0.0692,0.01,0.203136,0.0997904,0.023302,0.0063786,0,0.235996,3.8,0.00673868,0.37515,0.0888888888888889,0,0.00628146,1.382,0,0.0661112,0.477386,0.345761666483293,0,1.44,12.1,0.4995,2.19,5.0784,2.49476,0.58255,0.159465,21.0035842293907,5.8999,95,0.168467,9.37875,0.41875,2.91300251256281,0.1570365,34.55,0.154861111111111,1.65278,11.93465,0.663542620071984,1,0.42595039077737,6.13039137543386,0.499163717148248,1.72882981512666,1.67408032827011,1.95468668462567,0.370036904655268,0.158901940137019,12.5235340946194,3.53851758672831,47.77032117795,0.166152636422934,3.49130415755813,0.153789773889245,1.82775359068262,0.102746464654184,31.345465535344,0.103900305561635,1.23071119825543,3.08500906680345,0.353597994288888,0.391582887979174,107.141383679455,76.9410257467243,303.628585006843,0.843299999999999,7.02749999999999
6,SA,100,0,0.489415883570371,3.94418598402665,4.64235150199378,5.19760658095589,0.0674056902674009,0.00657727631074845,0.0159582170284738,0.00657727631074845,0.113343416142512,0.0685203081287785,0.0159582170284738,0.0685203081287785,0.0495362723034005,1.00000224237441,8.96819416886896e-11,0.0362,0,0.0692,0.01,0.203136,0.0997904,0.023302,0.0063786,0,0.235996,3.8,0.00673868,0.37515,0.0888888888888889,0,0.00628146,1.382,0,0.0661112,0.477386,0.345761666483293,0,1.44,12.1,0.4995,2.19,5.0784,2.49476,0.58255,0.159465,21.0035842293907,5.8999,95,0.168467,9.37875,0.41875,2.91300251256281,0.1570365,34.55,0.154861111111111,1.65278,11.93465,0.663542620071984,1,0.0370265220505758,8.95883603044969,0.265085065598967,1.63187726657798,2.7658049967645,1.77498422854551,0.254834081285074,0.0204561566626058,7.93774858802085,5.81240269915479,29.0923024202397,0.091922344899693,6.81660875087161,0.418548441333321,1.04171651699656,0.0416662019669156,26.9291713291388,0.0153718985990135,1.62617549226792,5.90817470553997,0.470703104259373,0.339774130796618,55.8251097614729,50.2483218612307,203.712536457028,0.843299999999999,7.02749999999999
6,SA,100,0,0.489415883570371,3.94418598402665,4.64235150199378,5.19760658095589,0.0674056902674009,0.00657727631074845,0.0159582170284738,0.00657727631074845,0.113343416142512,0.0685203081287785,0.0159582170284738,0.0685203081287785,0.0495362723034005,1.00000224237441,2.33272668927915e-21,0.0362,0,0.0692,0.01,0.203136,0.0997904,0.023302,0.0063786,0,0.235996,3.8,0.00673868,0.37515,0.0888888888888889,0,0.00628146,1.382,0,0.0661112,0.477386,0.345761666483293,0,1.44,12.1,0.4995,2.19,5.0784,2.49476,0.58255,0.159465,21.0035842293907,5.8999,95,0.168467,9.37875,0.41875,2.91300251256281,0.1570365,34.55,0.154861111111111,1.65278,11.93465,0.663542620071984,1,0.59629303480436,9.62215330480613,0.493413365563781,0.0213055918268832,3.55445974995933,1.69807930627113,0.38855592022489,0.0243819728784282,17.79274600177,0.604897160082816,33.6743052092758,0.0899521649758301,1.88615445777892,0.0972641710551952,1.17125521634483,0.120110214197922,16.6754129444038,0.0139419549527909,1.50425667839495,3.25520078099799,0.662082697407871,0.313177300705073,107.87774678405,36.293018572331,223.764238207989,0.843299999999999,7.02749999999999
6,SA,100,0,0.489415883570371,3.94418598402665,4.64235150199378,5.19760658095589,0.0674056902674009,0.00657727631074845,0.0159582170284738,0.00657727631074845,0.113343416142512,0.0685203081287785,0.0159582170284738,0.0685203081287785,0.0495362723034005,1.00000224237441,3.00052324142392e-19,0.0362,0,0.0692,0.01,0.203136,0.0997904,0.023302,0.0063786,0,0.235996,3.8,0.00673868,0.37515,0.0888888888888889,0,0.00628146,1.382,0,0.0661112,0.477386,0.345761666483293,0,1.44,12.1,0.4995,2.19,5.0784,2.49476,0.58255,0.159465,21.0035842293907,5.8999,95,0.168467,9.37875,0.41875,2.91300251256281,0.1570365,34.55,0.154861111111111,1.65278,11.93465,0.663542620071984,1,0.0363722583890154,4.56146264200102,0.0965562624930516,0.97757770927914,2.77638520054787,0.766365920214529,0.156153402610853,0.0333341494609595,7.48336182887473,1.79711065521652,23.4875936341516,0.166518348781554,9.08335103903908,0.198709273613185,0.252450783130739,0.0114569208170324,3.38857102239748,0.0699418921086736,0.612963539040731,1.41411929176276,0.576082489631936,0.247259741663115,13.3851827076834,12.9489767576177,65.7551183491285,0.843299999999999,7.02749999999999
